mouseId	genotype	cage	time	initialBodyWeight	lowestBodyWeight	bodyWeightAtDay8	bodyWeightDay8Fracion	maxWeightLossPercent	numberSequencesPerSample	shannonEntropy	k__Bacteria;p__Acidobacteria;c__Solibacteres	k__Bacteria;p__Actinobacteria;c__Actinobacteria	k__Bacteria;p__Actinobacteria;c__Coriobacteriia	k__Bacteria;p__Bacteroidetes;c__Bacteroidia	k__Bacteria;p__Bacteroidetes;c__Cytophagia	k__Bacteria;p__Bacteroidetes;c__Flavobacteriia	k__Bacteria;p__Bacteroidetes;c__Sphingobacteriia	k__Bacteria;p__Bacteroidetes;c__[Saprospirae]	k__Bacteria;p__Chlamydiae;c__Chlamydiia	k__Bacteria;p__Cyanobacteria;c__4C0d-2	k__Bacteria;p__Cyanobacteria;c__Synechococcophycideae	k__Bacteria;p__Deferribacteres;c__Deferribacteres	k__Bacteria;p__Firmicutes;Other	k__Bacteria;p__Firmicutes;c__Bacilli	k__Bacteria;p__Firmicutes;c__Clostridia	k__Bacteria;p__Firmicutes;c__Erysipelotrichi	k__Bacteria;p__Fusobacteria;c__Fusobacteriia	k__Bacteria;p__OD1;c__ZB2	k__Bacteria;p__Proteobacteria;c__Alphaproteobacteria	k__Bacteria;p__Proteobacteria;c__Betaproteobacteria	k__Bacteria;p__Proteobacteria;c__Deltaproteobacteria	k__Bacteria;p__Proteobacteria;c__Epsilonproteobacteria	k__Bacteria;p__Proteobacteria;c__Gammaproteobacteria	k__Bacteria;p__Spirochaetes;c__[Leptospirae]	k__Bacteria;p__TM7;c__TM7-3	k__Bacteria;p__Tenericutes;c__CK-1C4-19	k__Bacteria;p__Tenericutes;c__Mollicutes	k__Bacteria;p__Verrucomicrobia;c__Verrucomicrobiae
1	KO	00m.1	0	23.5	23.3	23.4	0.99574465	0.85	129922.0	0.9327468071762505	0.0	3.1541384944634476	3.9678817312396553	2.720427502072195	0.0	0.0	0.0	0.0	0.0	0.6805694556209708	0.0	0.0	0.28962133019504455	3.6047581558225055	4.275489007997094	4.947077827857787	0.0	0.0	0.4618421147455301	0.4618421147455301	2.66445259633593	0.0	0.4618421147455301	0.0	1.649477789465083	0.0	1.4400911231932076	0.28962133019504455
2	KO	00m.1	0	24.0	19.1	19.8	0.825	20.42	159142.0	0.9055480701003339	0.0	3.048728318969924	3.7700599178477496	2.2218004323430054	0.0	0.0	0.0	0.0	0.0	0.6123839777368723	0.0	1.1960953600906743	0.0	3.539108633754484	4.38009650470414	4.941567819382396	0.0	0.0	0.0	0.24896748628001228	3.03684822551353	0.0	0.24896748628001228	0.0	0.7516131635761981	0.0	1.5988214970482142	0.24896748628001228
3	KO	00m.1	0	19.1	19.1	19.5	1.0209423	0.0	159156.0	1.121903843996075	0.0	3.7253935620298986	3.831748601290846	3.878997550196886	0.0	0.0	0.0	0.0	0.0	1.2368837524559209	0.0	0.7515817284008426	0.406195527595434	3.521322615650029	4.200197906554693	4.923139551955648	0.0	0.0	1.4485455545762862	1.9429338249494181	1.9390833985624327	0.0	0.8073942990489754	0.0	1.7987824029477173	0.0	2.4319231975257924	0.7515817284008426
4	KO	00m.2	0	20.8	20.8	20.9	1.0048077	0.0	152759.0	1.1326086751954085	0.0	3.379780735097365	3.751167088114565	3.562288342595774	0.0	0.0	0.0	0.0	0.0	1.2727883508844935	0.0	1.117138885881324	0.25681403065842867	3.8790424150077634	4.418477412414897	4.888994949642051	0.0	0.0	1.1430900004087217	1.6642509788259694	1.6076010676500883	0.0	0.8224821156272706	0.0	1.5715693211739796	0.0	1.993764377512842	1.117138885881324
5	KO	00m.2	0	24.6	23.9	24.0	0.9756097	2.85	132155.0	1.1706258902004332	0.0	3.2806072559486106	3.6707891404962725	3.9594606589162513	0.0	0.0	0.0	0.0	0.0	1.6690759973826734	0.0	0.0	0.0	3.888451205964898	4.319704006017913	4.894404580005874	0.0	0.0	1.3510008960950801	2.1095821529560603	2.073526625318607	0.0	0.0	0.0	1.6233886754839277	0.0	2.007190497931171	0.7528642272509756
6	KO	00m.2	0	21.9	21.8	21.8	0.99543375	0.46	132953.0	1.1048169218657096	0.0	2.8639800705241565	3.842619585681642	2.6220740400831937	0.0	0.0	0.0	0.0	0.0	0.8742329430702012	0.0	1.3994967919803536	0.2847757455797333	3.9221660619119927	4.527794683708962	4.857565848440981	0.0	0.0	0.2847757455797333	0.0	2.9409468815290474	0.0	0.5774446443640406	0.0	1.4451270899078745	0.0	1.5697795068189113	0.0
7	KO	00m.3	0	18.8	18.8	19.5	1.0372341	0.0	141535.0	1.2098901585241293	0.0	3.2359527070378915	3.7058944908064917	2.666542283532713	0.0	0.0	0.0	0.0	0.0	0.651413539329515	0.0	1.8946544525980498	0.5576333431891334	4.279466016609428	4.450026202726213	4.830975475910619	0.0	0.0	0.0	0.9010656158745703	2.8906176128229415	0.0	0.43786136040625984	0.0	1.6569393962853005	0.0	1.5433680535773595	0.27192278186785906
8	KO	00m.3	0	18.4	18.4	19.0	1.0326087	0.0	130614.0	1.4126078943009917	0.0	3.9916872010488604	3.4280482864434467	3.9978227759212617	0.0	0.0	0.0	0.0	0.0	1.4226602722146668	0.0	1.4069005741258933	0.8809194878967677	4.136625974492769	4.346430748800233	4.8081742532046405	0.0	0.0	1.2065547091283633	2.220229291729356	1.9093707313001709	0.0	0.4603330156667654	0.0	2.008234035996348	0.0	2.136116429862929	0.0
9	KO	00m.3	0	19.4	19.0	19.4	1.0	2.06	119074.0	1.1580866715729068	0.0	3.693073827522572	3.565331748803198	3.4345256937235673	0.0	0.0	0.0	0.0	0.0	1.6271708389505568	0.0	0.916015159872318	0.4870037146709536	4.1884793629834265	4.242909053003405	4.895845358918853	0.0	0.0	0.967369773892058	1.8953634700107451	1.292730747220895	0.0	0.4870037146709536	0.0	1.5056345377500462	0.0	1.8470363446020697	0.0
10	KO	04m.1	4	25.2	23.8	23.8	0.94444436	5.56	138936.0	1.47424654487779	0.0	4.000326217092578	3.9850149631647414	1.5174427517166906	0.0	0.0	0.0	0.0	0.0	0.44299081156649445	0.0	0.0	0.0	4.293471789934018	4.643470664654586	4.5878078806384135	0.0	0.0	0.2756869005926248	0.44299081156649445	3.040508270081328	0.0	0.44299081156649445	0.0	1.1814460105034155	0.0	0.8577192687178157	0.2756869005926248
11	KO	04m.1	4	25.0	24.7	25.3	1.012	1.2	134795.0	1.580128384259849	0.0	4.048278072475892	3.9191176009683395	3.7777276518006273	0.0	0.0	0.0	0.0	0.0	1.005981695398122	0.0	0.0	0.5730580483625319	4.246555706603898	4.646052895968573	4.547742088543751	0.0	0.0	0.9649578005061749	2.0784674208420957	1.8364904596402827	0.0	0.8690603489331228	0.0	2.274949653787446	0.0	2.068413412722207	0.0
12	KO	04m.2	4	26.4	23.7	23.9	0.905303	10.23	133513.0	1.0863818207241958	0.0	4.155340036522554	3.9282589584545193	3.018528807308535	0.0	0.0	0.0	0.0	0.0	1.873968327843341	0.0	0.0	0.0	3.7372885006055503	3.9660353721402446	4.926023365138025	0.0	0.0	0.5761029441358139	1.5891493907309493	1.8897465565985363	0.0	0.8153028771885187	0.0	1.8631217689086847	0.0	1.7437917046066995	0.0
13	KO	04m.2	4	25.2	22.1	22.1	0.8769841	12.3	142723.0	1.3564975115480227	0.0	3.879120561913846	4.280517937650249	2.2012556203837024	0.0	0.0	0.0	0.0	0.0	1.4008303801577835	0.0	0.0	0.0	3.687123851892499	4.476507683517154	4.777836881138596	0.0	0.0	0.4355592843644064	0.5550115486801361	3.1031322815058173	0.0	0.7255461366871859	0.0	2.354627719393325	0.0	1.9052865866185313	0.0
14	KO	04m.3	4	20.1	18.1	18.9	0.9402985	9.95	146182.0	1.364056492894802	0.0	4.134700871155851	3.9856882677364998	3.194753008349066	0.0	0.0	0.0	0.0	0.0	0.8888226033067127	0.0	0.0	0.0	4.152062140995714	4.223646990591685	4.8270903068395095	0.0	0.265450369130516	0.265450369130516	1.7719184095967033	2.019738706766849	0.0	0.5475342007855385	0.0	1.4720420469035522	0.0	1.4196329113357138	0.265450369130516
15	KO	04m.3	4	18.9	18.1	18.1	0.957672	4.23	149748.0	1.319920684309738	0.0	3.914336457562964	4.0638983617220275	3.3659405832707687	0.0	0.0	0.0	0.0	0.0	1.755400745007379	0.0	0.0	0.42246338241145853	3.977448088116085	4.33371683279014	4.843444943736966	0.0	0.0	0.42246338241145853	1.6245991008289447	1.6876329290520218	0.0	0.7086820893314247	0.260694898763465	1.2418525832972882	0.0	2.0494234943911653	0.42246338241145853
16	KO	04m.4	4	19.4	15.1	15.3	0.7886598	22.16	129431.0	1.3403181990323674	0.0	3.4348929894865976	3.885879590642143	4.212075035656889	0.0	0.0	0.0	0.0	0.0	2.259667901149656	0.0	2.250478605923914	0.0	3.259109168367422	4.385775019532716	4.831670002082468	0.0	0.0	1.4264630356189842	2.3624256084986603	2.4242023806857587	0.0	0.4629194514690757	0.0	1.7782092028908287	0.0	3.190986719097334	0.0
17	KO	04m.4	4	20.2	18.2	18.4	0.91089106	9.9	158135.0	1.3556660030463652	0.0	4.383707013473339	3.739674550969153	3.6320725411563766	0.25017249004316783	0.25017249004316783	0.25017249004316783	0.0	0.0	1.6261991653389862	0.0	1.219577105366759	0.5233506760561838	4.030503986370507	4.009869817519713	4.830615719075891	0.0	0.0	0.8097549917550472	2.1252456480532786	1.817273258183079	0.0	1.04637090062561	0.0	2.2038840704065423	0.0	2.096418974923176	0.25017249004316783
18	KO	12m.1	12	25.0	22.5	22.5	0.9	10.0	157066.0	1.4677096153189173	0.0	4.2408728581319695	3.9262180228415455	3.895744921277161	0.0	0.0	0.0	0.0	0.0	2.198265306488824	0.0	1.0784578035897439	0.25146487100734294	3.191639292795528	4.178031569447807	4.822800935337948	0.0	0.0	0.5254158041686876	1.5781980434458804	2.433896570825471	0.0	0.25146487100734294	0.0	2.1692681337619275	0.0	2.5421272967046127	3.731070056521724
19	KO	12m.1	12	26.6	21.6	22.1	0.83082706	18.8	165862.0	1.15636160472557	0.0	4.336406840708274	4.006621954484709	1.406692486060406	0.0	0.241221455637484	0.0	0.0	0.0	1.7302278742453183	0.0	0.0	0.0	2.570948607206712	3.9688777101540054	4.885118400148267	0.0	0.0	0.0	0.0	1.8455362162346705	0.0	0.5089450759334999	0.0	0.9623526697650742	0.0	1.6059818238464227	3.672581034715267
20	KO	12m.2	12	19.1	16.8	16.8	0.8795811	12.04	181427.0	1.2087153069620473	0.0	4.238761377298504	4.169883066043633	2.334927992996758	0.0	0.0	0.0	0.0	0.22504498184819602	0.5700653777181374	0.0	0.22504498184819602	0.0	3.5626760845096546	3.6861904031836237	4.886271317155496	0.0	0.0	0.0	0.7053391175705418	1.875111013452472	0.0	0.3725356630835563	0.0	0.8083341024551252	0.0	0.9924082637953209	3.7236981047587263
21	KO	12m.2	12	19.2	15.7	16.1	0.8385416	18.23	172806.0	1.273871837523643	0.0	3.9769288406989975	4.0341962066074295	2.3392915007368447	0.0	0.0	0.0	0.0	0.0	0.38483743611529575	0.0	1.9076225916219047	0.233719578363614	3.354523948904629	4.3962645010700445	4.853842206998751	0.0	0.0	0.0	0.0	3.3877103965228277	0.0	0.49672945509113375	0.0	0.9801948582007758	0.0	1.1178830711700205	3.1865271921534006
22	KO	12m.3	12	23.7	20.3	20.3	0.85654	14.35	147795.0	1.111021634539818	0.0	3.198094267268167	4.044069726365782	1.6215996488344997	0.0	0.26327737639187143	0.0	0.0	0.0	0.0	0.0	1.566317944491107	0.26327737639187143	3.5481817057109244	4.496411262767959	4.867159425739143	0.0	0.0	0.0	0.0	3.056412033140619	0.0	0.26327737639187143	0.0	0.7132742087934607	0.0	0.5441245226991871	2.8908724500425182
23	KO	12m.3	12	23.3	21.0	21.1	0.90557945	9.87	122272.0	1.6211231218368327	0.0	3.8741020091878284	3.9346880412296357	4.3904422157729215	0.0	0.0	0.0	0.0	0.0	1.2071493233651494	0.0	1.149128624960256	0.0	4.129166773549385	3.893651151992966	4.750090338678924	0.0	0.0	0.9059180277274409	2.585285484697176	2.555889747860997	0.0	0.6044851519857363	0.0	2.0366245003881254	0.0	2.6316119043193344	3.565760434968098
24	KO	12m.4	12	18.8	14.6	15.3	0.81382984	22.34	143776.0	1.2500501093035694	0.0	3.7184975842961245	3.9312685832179795	2.855683348040355	0.0	0.0	0.0	0.0	0.0	0.0	0.0	1.2154288395983717	0.26876130153489797	3.7957277817948145	4.375823654004071	4.87356276409641	0.0	0.0	0.0	0.8449420070988101	2.9381234071313433	0.0	0.5527109047763014	0.0	0.7882180119591016	0.0	0.64612272331441	3.485802939562161
25	KO	12m.4	12	19.0	14.2	14.2	0.7473684	25.26	146547.0	1.289119137190632	0.0	3.991807375379892	3.932635022417875	2.7546491504102946	0.0	0.26495541951682205	0.0	0.0	0.0	0.8878796228413434	0.0	2.4091504328947058	0.26495541951682205	3.504842790821988	4.321619667913602	4.87178484003572	0.0	0.0	0.0	0.7162467539523629	3.1027485343625365	0.0	0.4283237213503783	0.0	1.3589842552611486	0.0	1.470995583839584	3.6080950187466954
26	KO	18m.1	18	23.0	17.8	18.0	0.7826087	22.61	142881.0	1.4219375407788855	0.0	4.060353276397208	4.2687513491971005	1.4428976410285073	0.0	0.0	0.0	0.0	0.0	0.0	0.0	0.270014777012389	0.0	3.9592946999786154	4.421746524586957	4.754706732634737	0.0	0.270014777012389	0.0	0.9424721011940962	2.81304651322376	0.6482235511479714	0.43525508849327715	0.0	1.6772064761411627	0.0	1.5393756001828676	0.0
27	KO	18m.1	18	23.4	16.1	17.1	0.7307693	31.2	131717.0	1.5541101172765042	0.0	4.115647729150243	4.100188826555416	3.998186600237723	0.0	0.0	0.0	0.0	0.0	1.2945650633260986	0.0	1.4343497439502841	0.28673128462410635	4.054205785231438	4.256946890186821	4.761925776358387	0.0	0.0	0.9739133883237192	1.9489558569221808	1.9254923386895306	0.0	0.7540516421391805	0.0	1.777565456530588	0.0	2.0005805433633874	0.0
28	KO	18m.2	18	23.9	17.5	18.8	0.78661084	26.78	134836.0	1.5005534319491425	0.0	4.146636358812092	3.825979761630444	3.954632783914009	0.0	0.0	0.0	0.0	0.0	0.6678602587678822	0.0	1.4534364258774342	0.8116785149405705	4.114538972244679	4.296953076546195	4.780111975964116	0.0	0.0	0.6678602587678822	1.8588984381839622	1.9296761092323045	0.6678602587678822	0.7456956267821767	0.0	1.812588208077322	0.0	1.9905192030585166	0.2818490674332266
29	KO	18m.3	18	18.0	14.0	14.3	0.79444444	22.22	123613.0	1.4580800910539926	0.0	4.240264045995019	3.6111717033604305	4.054941007857185	0.0	0.47611744689133023	0.0	0.0	0.0	0.6009305442280038	0.0	1.3787675373231465	0.776896127654713	3.927094254589079	4.061225910683627	4.8283052002047	0.0	0.0	1.6419803919741758	2.4981852753963723	1.8793268665700422	0.776896127654713	0.3002773573909661	0.0	1.776669819834855	0.0	2.20262283190639	3.3745232335022894
30	KO	18m.3	18	19.2	18.4	19.1	0.9947916	4.17	139002.0	1.6598143208542337	0.0	3.9151840861638902	3.8214455672428516	4.118388480750681	0.0	0.0	0.0	0.0	0.0	1.7613069305058706	0.0	1.8876962585177848	0.6575184956958708	3.921039750353202	4.517450069981217	4.687702766760565	0.0	0.0	1.9733681355404749	2.0619086078487068	2.591115908449728	2.3261676743148936	0.6575184956958708	0.0	2.121096875801594	0.0	2.578094964321064	3.5764491840949795
31	WT	00m.1	0	24.0	20.2	20.2	0.8416667	15.83	116006.0	0.900724399056057	0.0	3.0472423052472566	3.8589653372937422	3.4366758209238477	0.0	0.0	0.0	0.0	0.0	1.5438234140008371	0.0	2.1330893042455785	0.0	2.6114720964543374	4.309603158611101	4.953821759645963	0.31426424616776927	0.0	0.31426424616776927	1.7157563604014838	3.028217988569745	0.0	0.49467879490514527	0.0	1.1703935415141176	0.0	1.9602811644870892	0.31426424616776927
32	WT	00m.1	0	24.6	17.8	18.8	0.7642276	27.64	116451.0	0.8868107866153816	0.0	3.114300150686509	4.015992377739703	3.4834968815915346	0.0	0.0	0.0	0.0	0.0	0.31340870351465305	0.0	1.8933251209187196	0.0	2.2819617316408536	4.130739394419196	4.967789856579206	0.0	0.0	0.9245265449070905	1.7643451653809346	3.2247025548812376	0.0	0.31340870351465305	0.0	1.500743514565803	0.0	1.8021697314473082	0.31340870351465305
33	WT	00m.1	0	23.1	21.5	21.6	0.9350649	6.93	141414.0	1.0032157896592766	0.0	3.445913242296675	3.7794896512249907	3.5483930362865794	0.0	0.0	0.0	0.0	0.0	0.9872613912399211	0.0	1.4334950630282428	0.2720956686379934	3.3107906195222503	4.345396965770256	4.933576987400499	0.0	0.0	0.9013904285312725	1.6655519308114093	2.8052567997838307	0.0	0.2720956686379934	0.0	1.0907596361678553	0.0	1.9700491501787256	0.2720956686379934
34	WT	00m.2	0	23.8	20.8	20.8	0.8739496	12.61	123512.0	0.9060838276850907	0.0	3.5670504449507305	3.851084510687884	3.7475017083480107	0.0	0.0	0.0	0.0	0.0	0.6980489761375848	0.0	0.9532190240981268	0.6011965846519506	2.94184931743897	4.092410259758838	4.969590353936535	0.0	0.0	1.2030404558392678	1.8796771738632134	2.2636724991450574	0.0	0.7771918035891927	0.0	1.112880453935225	0.0	1.3968345402097269	0.30045458197881747
35	WT	00m.2	0	23.1	20.0	20.5	0.88744587	13.42	111254.0	1.0206788384915368	0.0	3.084410211137826	3.667377786098154	3.9455314664474996	0.0	0.0	0.0	0.0	0.0	0.0	0.0	2.1442785119115566	0.5071108398134241	2.4590534658055696	4.376314683157697	4.91852599704815	0.0	0.0	0.6356567507032076	2.2769919868720603	3.0727737949940654	0.0	0.6356567507032076	0.0	0.8832890018521995	0.0	1.1549375479247486	0.3237140868385259
36	WT	00m.2	0	24.2	23.1	23.1	0.95454544	4.55	135184.0	1.2700820798325054	0.0	3.4151010616569075	3.6085869462893743	4.461336295164536	0.0	0.0	0.0	0.0	0.0	2.3308801097905225	0.0	0.4506305473148397	0.0	3.270558575658818	4.202399667261053	4.833058075316964	0.0	0.0	1.811486032537485	2.8616881704648516	2.6364149307908726	0.0	0.4506305473148397	0.0	1.857794517238568	0.0	2.3081267933057847	0.2813149854696724
37	WT	00m.3	0	18.4	14.9	14.9	0.8097826	19.02	133621.0	0.8480137718457512	0.0	3.5474374279314356	3.76643527286014	2.2343935562396293	0.0	0.0	0.0	0.0	0.0	0.5758450065497702	0.0	1.267548600783505	0.0	3.906496525617378	3.9604533401657984	4.981800048952185	0.0	0.0	0.28373032188405484	0.7489233559592895	2.7183307903134146	0.0	0.5758450065497702	0.0	0.8150054611183792	0.0	0.8723477630678155	0.28373032188405484
38	WT	00m.3	0	19.1	15.7	15.7	0.8219895	17.8	139902.0	1.1018477653967453	0.0	3.1659223796410014	3.7448411591675184	3.592814022761808	0.0	0.0	0.0	0.0	0.0	0.9914514415274305	0.0	2.432063950161941	0.44106913650507173	3.6312926686573683	4.394830806908543	4.908300184106214	0.0	0.0	0.9505876943363234	1.6701201050422758	3.2451412169108593	0.0	0.5612834189818634	0.0	1.2898270408866774	0.0	1.8799168638405415	0.0
39	WT	00m.3	0	19.8	19.2	19.2	0.96969706	3.03	144660.0	0.9600179614396487	0.0	3.576727939123002	3.810975510405662	3.1019865374561486	0.0	0.0	0.0	0.0	0.0	1.585100842019073	0.0	1.7508986686924985	0.0	3.6081967475959527	4.216197664152165	4.955314877336013	0.0	0.0	0.644063393970631	1.2350082663252007	2.9148148663648326	0.0	0.2675349612176105	0.0	1.08171170369116	0.0	0.8426613755291474	0.0
40	WT	04m.1	4	24.5	21.2	21.2	0.86530614	13.47	154326.0	1.3514850184769969	0.0	3.004981722910641	4.1175247506006025	1.397007388014993	0.0	0.0	0.0	0.0	0.0	0.7626241293689197	0.0	0.0	0.6225092793362257	4.250837029743515	4.782544748598867	4.430434095767607	0.0	0.0	0.25484098523690596	0.0	3.5479583980009273	0.0	0.6225092793362257	0.0	1.9675218832616432	0.0	1.6444727502140242	0.0
41	WT	04m.1	4	20.7	17.5	17.5	0.8454106	15.46	161651.0	1.4070662266881586	0.24601636834221172	3.607997912601244	4.071927179897231	1.508445419713405	0.0	0.0	0.0	0.0	0.0	0.24601636834221172	0.0	0.0	0.516684392241299	4.367208004865093	4.662673081622556	4.574820028663976	0.0	0.0	0.24601636834221172	0.0	2.5644060946020932	0.0	0.516684392241299	0.0	1.3339537493837534	0.0	1.7645734994870954	0.24601636834221172
42	WT	04m.2	4	22.1	20.0	20.1	0.90950227	9.5	137224.0	0.6455535454668229	0.0	2.1939611005747532	3.677084810970679	2.892703629032638	0.0	0.0	0.2782257901270746	0.0	0.0	1.3530428163059594	0.0	0.0	0.44644156108525607	3.3610473778095757	4.035521960639944	5.014252291160498	0.0	0.0	0.2782257901270746	0.8623607513771718	2.9492510853869045	0.0	0.2782257901270746	0.0	1.3530428163059594	0.0	1.8622231331141985	0.0
43	WT	04m.2	4	24.1	18.2	18.9	0.7842323	24.48	104159.0	1.1384424814493368	0.0	4.083069335133163	4.086744325454244	2.3757229752886397	0.0	0.338986551929964	0.0	0.0	0.0	0.7582038313221044	0.338986551929964	0.0	0.0	3.508839717423278	4.135587319379079	4.905470863149656	0.0	0.0	0.0	0.7582038313221044	3.0839427405471143	0.0	0.5270269663276216	0.0	1.639245804141065	0.0	1.5477403467150164	0.0
44	WT	04m.3	4	18.2	14.6	14.8	0.81318676	19.78	135913.0	1.2064674122311567	0.0	3.454655222744375	4.138399601671297	1.844369671305548	0.0	0.0	0.0	0.0	0.0	2.240831446425408	0.0	0.0	0.0	3.721330898462618	4.532162072689251	4.820584342665578	0.0	0.0	0.5704324745724806	0.6651497864087926	2.9101390310013637	0.0	0.5704324745724806	0.0	1.0027496143745451	0.0	1.61150512320007	0.0
45	WT	04m.3	4	17.6	13.9	13.9	0.7897727	21.02	135514.0	1.1761441317860242	0.0	4.02735647181043	4.198975363465463	2.821955798324974	0.0	0.0	0.0	0.0	0.0	1.2828576222817154	0.0	0.0	0.0	3.797113973347151	4.0537462415063334	4.893556878348771	0.0	0.0	0.5713663551929797	1.5930515345835468	1.9760244866901342	0.0	0.4499471276508581	0.0	1.340591989451248	0.0	1.631595098036703	0.0
46	WT	04m.4	4	19.2	17.7	17.7	0.921875	7.81	129067.0	1.4632943247194605	0.0	3.770382668111646	4.096584034887162	3.3380670753157258	0.0	0.0	0.2910192735921027	0.0	0.0	1.45755430451151	0.0	1.3231066228390478	0.4637216818473382	4.195169658468613	4.50265645741163	4.735144920181705	0.0	0.0	0.7613361750077836	1.5600713267406054	2.593634623141316	0.0	0.2910192735921027	0.0	2.100473353284378	0.0	2.274313828009608	0.0
47	WT	04m.4	4	17.8	16.5	16.5	0.9269663	7.3	126832.0	1.4300693972523748	0.0	3.9985619858645323	3.810739668380565	2.9069452189427167	0.0	0.0	0.0	0.0	0.0	1.5062321223673236	0.0	0.4687149470729413	0.29474056856393444	4.475301352696025	4.349057117638718	4.72694876249591	0.0	0.0	0.7676176933229255	0.9886126170760708	1.7799277487302938	0.0	0.8342597378087155	0.0	1.820026681508978	0.0	2.3639597012409554	0.29474056856393444
48	WT	12m.1	12	25.2	19.5	20.0	0.79365075	22.62	120919.0	1.0840697511285506	0.0	3.6578826905782873	4.237642008328431	3.2039575806045364	0.0	0.0	0.0	0.0	0.0	1.0487288547421922	0.0	0.0	0.0	2.942046880337903	3.889560746659473	4.928353251059648	0.0	0.0	0.0	1.3501224259350715	2.3384394582245607	0.0	0.6081212442653421	0.0	0.8520183216653379	0.0	1.439130804684656	3.782067402572049
49	WT	12m.1	12	27.0	24.4	24.6	0.9111111	9.63	130007.0	1.2376734860941974	0.0	4.07871758355424	4.181010786375482	3.4302233630732433	0.0	0.0	0.0	0.0	0.0	0.4616561664430606	0.0	1.0201645315120689	0.2894831139333987	2.6440955002586435	4.084141833966982	4.885740479520568	0.0	0.0	0.4616561664430606	1.2331974781676367	2.6403439215010467	0.0	0.88267690014538	0.0	1.5335609129416337	0.0	1.8745222614098878	3.520541642931676
50	WT	12m.2	12	19.2	17.5	17.5	0.9114583	8.85	121250.0	1.5230859133166577	0.0	3.376274315842944	3.694759941397434	4.476535630289218	0.0	0.0	0.0	0.0	0.0	0.9603596997537347	0.0	1.1525163159422396	0.0	3.71868172059809	3.9482870758380164	4.756457429595829	0.0	0.0	0.7044793384097267	2.874334047914926	2.0321173212480295	0.0	0.7044793384097267	0.0	1.6087652321703627	0.0	2.171181945640234	4.134983657353333
51	WT	12m.2	12	21.0	15.0	15.5	0.7380952	28.57	129433.0	1.7625228059005669	0.0	3.776959510112924	3.684551541241699	4.352289528955329	0.0	0.0	0.0	0.0	0.0	0.8843473278000687	0.0	2.647876592998934	0.6818659336296373	3.6828390384750276	4.499232494936019	4.610626019558529	0.0	0.0	1.28064254218779	2.45859242293552	3.58853897763138	0.0	0.8843473278000687	0.0	1.5588754375734044	0.0	2.4810089306240934	3.8868394058241886
52	WT	12m.3	12	24.4	21.0	21.1	0.86475414	13.93	120782.0	1.4844923769619234	0.0	3.9299286268417877	4.107129181607821	2.994870381031352	0.0	0.3053287355980233	0.0	0.0	0.0	0.48284350415737964	0.0	1.6316028847946311	0.0	3.8595065524841905	4.34135685619861	4.8092173134763945	0.0	0.0	0.0	0.7852923586538462	3.397895201561546	0.0	0.3053287355980233	0.0	1.4554107144195256	0.0	2.0653858791572506	3.6601221958588344
53	WT	12m.3	12	26.1	18.9	19.7	0.7547893	27.59	124336.0	1.2941542038500948	0.0	3.941035620820099	4.057940970732739	2.950207690308863	0.0	0.0	0.0	0.0	0.0	0.0	0.0	2.741042762203657	0.29901502772580446	2.9359834860056924	4.3651395818919685	4.859206240535041	0.0	0.0	0.29901502772580446	0.29901502772580446	3.301958560596389	0.0	0.29901502772580446	0.0	1.1102160790019464	0.0	1.3385677758022236	3.504760894783653
54	WT	12m.4	12	18.3	16.6	16.6	0.9071039	9.29	122464.0	1.213600492482913	0.0	4.027854748371274	4.21478985577627	2.3206002381745434	0.0	0.0	0.0	0.0	0.0	1.0437106868859851	0.0	0.7010104982202809	0.0	3.303360645537811	3.959629101976291	4.891144139175648	0.0	0.0	0.0	0.6039732348313359	2.336991106949351	0.0	0.4788223313643021	0.0	0.847283917264822	0.0	1.1484955737237676	3.8270650701770608
55	WT	12m.4	12	19.2	17.4	17.4	0.90624994	9.38	107164.0	1.0765455443880994	0.0	3.8772714472058625	4.171228624952819	2.944096243200701	0.0	0.0	0.0	0.0	0.0	0.9564802958941195	0.0	0.0	0.3323372741130337	3.2056646206406176	3.8761441616195214	4.933345674871703	0.0	0.0	0.3323372741130337	0.8291426139448508	1.9170559548578237	0.0	0.8291426139448508	0.0	0.6482133407332057	0.0	0.8291426139448508	3.6930539990340874
56	WT	18m.1	18	24.2	20.6	20.8	0.85950404	14.88	133734.0	1.573765892769316	0.0	3.92398118020709	3.804740877114336	4.567471859039782	0.0	0.0	0.0	0.0	0.0	1.4426749268510226	0.0	2.043806791676909	0.28355426157037533	3.2902592438679426	4.458011923106571	4.583973334384264	0.0	0.28355426157037533	2.387701924547834	3.107981681155516	2.6787172804783514	2.0785450737197446	1.2883024356771433	0.0	1.771076428128846	0.0	2.0649813425765298	0.5755754097046999
57	WT	18m.1	18	24.2	20.8	20.8	0.85950404	14.05	120228.0	1.5563389291361482	0.0	3.855710529383932	3.949770377551848	3.99803837395825	0.0	0.0	0.0	0.0	0.0	1.902512871823422	0.0	2.783589054048498	0.9636345934857921	3.7987186140669715	4.657690071915029	4.631072920345434	0.0	0.0	1.4251241503244756	2.039838279645923	3.174004337522837	1.5153760223560249	0.48418429095748977	0.0	1.93984820465498	0.0	2.291530724574501	0.0
58	WT	18m.2	18	26.2	19.6	20.4	0.7786259	25.19	134673.0	1.4855774960743697	0.0	4.184411814177902	4.026187543848105	3.973907313835461	0.0	0.0	0.0	0.0	0.0	1.167921023404821	0.0	1.1102884550777832	0.6682727707276181	3.8418101396334814	4.239300705011983	4.798607169695018	0.0	0.0	1.0783247800769191	2.3541379258705026	2.3097634761500947	1.3247622508868757	0.6682727707276181	0.0	1.8251543535814463	0.0	2.058510935143425	0.0
59	WT	18m.3	18	18.1	18.0	18.4	1.0165745	0.55	126528.0	1.7299178898732284	0.0	4.057632911290532	4.071013672674478	4.2637520128210555	0.0	0.2952543784727174	0.0	0.0	0.0	1.6119007431086914	0.0	1.3313290059967506	0.0	3.7689061990618535	3.930429950809075	4.710445387049147	0.0	0.0	2.203286629152259	2.4213837002481124	2.2625914572891577	2.1587122645411054	0.6896917852061334	0.0	1.3867821200815744	0.0	1.9569805832580565	4.175638524094482
60	WT	18m.3	18	26.9	20.1	20.3	0.75464684	25.28	163769.0	1.6472062771698441	0.0	3.977327728637464	3.9567477630023427	3.4902024996794316	0.0	0.0	0.0	0.0	0.0	0.0	0.0	0.6030087885374765	0.6030087885374765	4.0825397776819985	4.560446765073633	4.65626366725802	0.0	0.0	0.7969425310506225	1.4244628227466947	3.0389886668320836	0.0	0.2435804723090675	0.0	1.089297596607683	0.0	2.2213650838412464	3.8125041806086584
61	WT	03m.1	3	27.6	19.5	20.5	0.7427536	29.35	65924.0	1.6001375888446379	0.0	4.14393458036296	4.2412343446639555	3.469493061065313	0.0	0.0	0.0	0.0	0.0	0.0	0.0	0.0	0.6755198810469992	3.646360414447856	4.427412603092806	4.703159738087342	0.0	0.0	0.4576684751565793	1.2508421290820217	3.8528417678963818	0.0	0.4576684751565793	0.0	0.6755198810469992	0.0	1.8097755214306965	0.0
62	WT	03m.1	3	21.3	16.6	17.2	0.8075118	22.07	78000.0	1.4349444569006404	0.0	4.078454799169974	4.274033030157268	1.8382799693491914	0.0	0.0	0.0	0.0	0.0	0.0	0.0	0.0	0.8643434799360464	4.023995087585863	4.384476073745536	4.754845475238453	0.0	0.0	0.0	0.0	2.8119170142629524	0.0	0.7587515923234246	0.0	0.0	0.0	1.0811692815898424	0.9492176966918018
63	WT	03m.1	3	22.5	16.5	17.2	0.7644445	26.67	70929.0	1.383199399557955	0.0	4.2128419806187525	4.42185082788889	1.8688964707424423	0.0	0.0	0.0	0.0	0.0	0.0	0.0	0.0	0.0	3.70131865229607	4.235130906050961	4.761545957836022	0.0	0.0	0.0	0.0	2.58131818608903	0.0	0.43723285420704094	0.0	0.43723285420704094	0.0	1.5314530873441239	0.0
64	WT	03m.1	3	23.4	17.6	18.0	0.7692308	24.79	81853.0	1.4019418111916246	0.0	4.1426618186197794	4.293188862607134	2.4071138733242075	0.0	0.0	0.0	0.0	0.0	0.0	0.0	0.0	0.6031342107968974	3.77976363358119	4.320214716806946	4.785467384172784	0.0	0.0	0.0	0.0	3.157373722801517	0.0	0.6031342107968974	0.0	0.6031342107968974	0.3987995967070138	1.1152650916961926	0.3987995967070138
65	WT	03m.1	3	24.3	19.2	19.4	0.7983539	20.99	74213.0	1.4787341676980326	0.0	4.142315148635003	4.2674537970088675	2.009675574228815	0.0	0.0	0.0	0.0	0.0	0.0	0.0	0.0	0.4248625952133837	4.013281228201888	4.368945489993169	4.7429337688138515	0.0	0.0	0.0	0.0	3.2190350833913173	0.0	0.0	0.0	0.4248625952133837	0.0	1.2024597187818666	0.6354602975426565
66	WT	03m.2	3	18.4	14.4	14.4	0.7826087	21.74	84196.0	1.674068823458275	0.0	3.9169826311426688	4.062655834819152	4.253816205605684	0.0	0.0	0.0	0.0	0.0	0.0	0.0	0.0	1.6074869865660972	4.277592326773626	4.30292662964723	4.6592909957005615	0.0	0.0	1.1039605487321003	2.6589799059158294	2.172516559362614	0.0	0.39147734782618937	0.0	0.0	0.0	2.049967989575695	0.39147734782618937
67	WT	03m.2	3	17.2	12.9	13.5	0.7848837	25.0	82587.0	1.461547123330866	0.0	4.00721817037636	4.29568702907952	2.0289858894588697	0.0	0.0	0.0	0.0	0.0	0.0	0.0	0.0	0.6002272438056886	4.0331246503964895	4.360592902046264	4.757362208244775	0.0	0.0	0.0	0.0	3.346152603979652	0.0	0.8430028389022526	0.0	0.0	0.0	0.8430028389022526	0.0
68	WT	03m.2	3	18.4	16.1	16.1	0.87500006	12.5	75263.0	1.5212643459406487	0.0	3.9196354621012373	4.184444303323365	2.6266229908969034	0.0	0.0	0.0	0.0	0.0	0.0	0.0	0.0	0.7716006080040568	4.308468513157407	4.445231766715597	4.692450340513244	0.0	0.0	0.42106503681748503	0.7716006080040568	3.2176997278800354	0.0	0.8777688747301348	0.0	0.0	0.0	1.3478652977486978	0.0
69	WT	03m.2	3	18.6	12.8	12.9	0.6935484	31.18	78840.0	1.6084640320202883	0.0	3.270320323767851	3.978545178530015	4.400815900045418	0.0	0.0	0.0	0.0	0.0	0.0	0.0	0.0	0.9450910819649924	3.840473410330556	4.531662195352496	4.612354846062303	0.0	0.0	0.0	2.554858511318979	3.6337181116220245	0.0	0.0	0.0	0.6154170754839446	0.6154170754839446	1.853156710871537	0.0
70	WT	03m.2	3	19.6	14.9	15.2	0.7755102	23.98	78337.0	1.5031378879336013	0.0	3.927020475722097	4.35075997329385	1.9178729290766907	0.0	0.0	0.0	0.0	0.0	0.0	0.0	0.0	0.0	4.0957891038970216	4.226892188141687	4.766089024184566	0.0	0.0	0.0	1.018492429493792	3.1625613931946686	0.0	0.7572061514618514	0.0	0.6175245148238359	0.4103553672714226	0.947556224733046	3.4863213337384065
71	KO	03m.3	3	27.2	26.3	26.6	0.97794116	3.31	97341.0	1.6035277735349376	0.0	3.9960118852942905	4.229262516162822	2.0096204550517207	0.0	0.0	0.0	0.0	0.0	0.0	0.0	0.0	0.547897438319513	4.244550782331456	4.283584745518995	4.71387664219839	0.0	0.0	0.0	1.420120473319757	2.669041134389209	0.0	0.6809241404532992	0.0	0.35516384890120645	0.0	1.046260625640097	3.8572816775697953
72	KO	03m.3	3	26.8	24.9	25.0	0.9328359	7.09	100182.0	1.6986472069573881	0.0	3.3743820397017794	4.222693643627561	2.153526171631873	0.0	0.34822916794647407	0.0	0.0	0.0	0.0	0.0	0.6710648642392505	0.7722076475795036	4.127186923578904	4.440147960710488	4.6409349101514366	0.0	0.0	0.0	1.6188549752796426	3.895663641291434	0.0	0.34822916794647407	0.0	0.7722076475795036	0.0	1.0349046994884217	4.055101917864338
73	KO	03m.3	3	25.2	24.5	24.6	0.97619045	2.78	82210.0	1.5917879183073556	0.0	3.581605139129373	4.2637572111852995	2.761845812171354	0.0	0.0	0.0	0.0	0.0	0.0	0.0	0.7399877168928783	0.9290145298005673	4.294316431649426	4.2563195416585025	4.729305626558504	0.0	0.0	0.0	1.7279040098024823	3.335400779111232	0.0	0.6017162788119367	0.0	1.0602793717162322	0.0	1.6016131119901524	3.833039445588113
74	KO	03m.3	3	27.2	23.5	23.6	0.86764705	13.6	83561.0	1.5725018320717545	0.0	3.342520165027733	4.171957519623081	2.31985738795724	0.0	0.0	0.0	0.0	0.0	0.0	0.0	1.828264227328283	0.3934333296112282	4.226017612469517	4.494247678534024	4.6738623790895755	0.0	0.0	0.0	1.4398921618567209	3.0165448560518118	0.0	0.3934333296112282	0.0	1.271616256129992	0.0	1.4625423477990889	3.978630343419959
75	KO	03m.3	3	24.8	22.3	22.5	0.9072581	10.08	86744.0	1.5941629632787055	0.0	3.823000290554049	4.043337022386566	3.741899605744513	0.0	0.0	0.0	0.0	0.0	0.0	0.0	0.9786635952112662	1.1818714034546116	4.120927329419671	4.305880079202391	4.772534403195754	0.0	0.0	0.0	1.5084238839252475	2.66112270560008	0.0	0.5843532451263982	0.0	0.721009858082524	0.0	2.3610393572263524	3.8168382657175175
76	KO	03m.4	3	17.2	14.2	14.2	0.8255814	17.44	90139.0	1.47507100364237	0.0	3.221552948559225	3.731882435752086	4.64837899605249	0.0	0.0	0.0	0.0	0.0	0.0	0.0	1.6232319393246186	1.9728021490009278	4.356634520782659	4.616409424060284	3.7208496132576965	0.0	0.0	0.5720837547105472	2.8256030772817113	2.878159229742761	0.0	0.9637719850887737	0.0	0.9637719850887737	0.3741268300679791	2.8572343144922665	0.0
77	KO	03m.4	3	20.5	19.3	20.0	0.9756098	5.85	76006.0	1.7481413749798407	0.0	4.049917250974497	4.044995383010721	4.4994461356507465	0.0	0.0	0.0	0.0	0.0	0.9592146756632278	0.0	1.1450661477879382	1.7231537971355868	4.480868356398819	4.408685972311826	4.075974394439635	0.0	0.0	0.4184216710499389	2.466468328174889	2.9890297910719648	0.0	0.6275146229065249	0.0	1.3106660409972692	0.0	2.142269729394864	0.0
78	KO	03m.4	3	19.9	18.0	18.4	0.92462313	9.55	71367.0	1.6238961840710784	0.0	3.7483523536981176	3.9984300337320144	3.6824431291633943	0.0	0.0	0.0	0.0	0.0	0.4355380912654921	0.0	0.9836436108052753	1.218396095163785	4.498669796821503	4.6173542222753055	4.420374940950389	0.0	0.0	0.0	1.3007442468825192	3.5281134282246014	0.0	0.4355380912654921	0.0	0.4355380912654921	0.0	2.0193847207119866	0.4355380912654921
79	KO	03m.4	3	18.8	18.3	18.7	0.99468094	2.66	94924.0	1.7029119493089677	0.0	4.144014755016896	4.153220688391676	3.3751032156787946	0.0	0.689589842441176	0.0	0.3612974065833126	0.0	0.0	0.0	0.0	0.689589842441176	4.540712603974137	4.37778145952235	4.480570454851375	0.0	0.0	0.3612974065833126	1.6152066939136374	3.5741951591298853	0.0	0.3612974065833126	0.0	0.5557524318542189	0.0	1.145420676167116	0.5557524318542189
80	KO	03m.4	3	17.4	17.1	17.4	1.0	1.72	99828.0	1.7968827663580955	0.0	3.8311788595629386	4.155681197423178	4.56486238020967	0.0	0.0	0.0	0.0	0.0	0.0	0.0	1.722854391219942	1.198867591116865	4.252487768645653	4.435300532688277	4.218209339665996	0.0	0.0	0.34907766352594327	2.707055814013421	2.871485923249022	0.7734856046860357	0.34907766352594327	0.0	1.0829915262514511	0.0	2.47657246205141	3.320426311205953
