mouseId	genotype	cage	time	initialBodyWeight	lowestBodyWeight	bodyWeightAtDay8	bodyWeightDay8Fracion	maxWeightLossPercent	numberSequencesPerSample	shannonEntropy	"MDS1"	"MDS2"	"MDS3"	"MDS4"	"MDS5"	"MDS6"	"MDS7"	"MDS8"	"MDS9"	"MDS10"	"MDS11"	"MDS12"	"MDS13"	"MDS14"	"MDS15"	"MDS16"	"MDS17"	"MDS18"	"MDS19"	"MDS20"	"MDS21"	"MDS22"	"MDS23"	"MDS24"	"MDS25"	"MDS26"	"MDS27"	"MDS28"	"MDS29"
1	KO	00m.1	0	23.5	23.3	23.4	0.99574465	0.85	129922.0	0.35264908844987486	-0.0452438944006247	0.0951473324764859	-0.0613971712932046	0.0534812367925513	0.06877407089684	0.0251167123570847	0.146575177277302	0.135209133237632	0.0635332694513266	-0.148939613479043	0.172517021859034	-0.111395142462343	0.245452817335187	-0.0536299026396706	0.00105851304218239	-0.0246541898910461	0.00744317787455493	0.152549689197354	-0.00494468162027845	0.0337371229193022	0.0584871479337876	0.0752395108781245	-0.144847894960979	0.047767450648893	-0.0354123080929896	0.0628962217256719	-0.0136312158269303	-0.00128595096937151	0.0817559942450232
2	KO	00m.1	0	24.0	19.1	19.8	0.825	20.42	159142.0	0.28331198181350664	-0.0151085816137037	0.0805179702597245	0.0975556875679568	0.150831848401819	0.0640171064707291	0.103802493847416	-0.0728587344759897	0.168241186441633	-0.134903628948699	0.11777880225208	-0.0448010040184721	-0.138909600226613	-0.0310272055537285	0.149443446407313	0.0858912419193199	0.116888112203204	-0.0609550859567076	0.0633498694949384	0.116225129320325	0.230127168324849	0.0341364854070496	-0.0946276334533891	-0.0740146768807907	-0.0996981244089758	-0.0923970833541703	-0.0850932849077653	-0.0561524010069732	-0.000692884753160672	0.0520854589262987
3	KO	00m.1	0	19.1	19.1	19.5	1.0209423	0.0	159156.0	0.5790494090369993	-0.0987055395524657	-0.064361379432965	-0.0720776796461331	-0.0699834031496164	0.0738829676812443	0.11371431860742	0.00194700366411662	0.111896185344326	0.0746450843654737	-0.0811305429031029	-0.103310821574409	-0.107096685013126	0.119360983953495	0.060469797925578	-0.0286279242298647	0.0187208980300813	-0.0840079140492078	-0.346491563432943	-0.0359110848515087	-0.200074646669112	-0.0377425088912623	0.111702301369534	0.133349064910319	0.16753045977005	0.0889235034474401	0.229703530160322	0.0564967642286885	-0.0160995570166958	-0.131719680479772
4	KO	00m.2	0	20.8	20.8	20.9	1.0048077	0.0	152759.0	0.39160256759648226	-0.0731420644376701	-0.0763029574251644	-0.0744006558411441	0.0297953816219691	0.202446142983382	0.0514319538461911	0.0149616889850838	0.151439757201421	0.103559782599728	0.119384531480936	-0.0736463392822926	-0.0432308053188899	-0.0494092327079055	-0.0107925465536997	0.131232655658321	-0.119638229091622	-0.242964096337861	-0.129014805636491	0.0837016921764408	0.139011388197315	-0.201212137490673	0.1015662511977	0.174191544764214	-0.141775539432278	-0.188588484563558	-0.0312169875664676	0.177028571836529	0.129430846313237	0.238504517263805
5	KO	00m.2	0	24.6	23.9	24.0	0.9756097	2.85	132155.0	0.49648189873109744	-0.110279449633413	-0.0217964349209432	-0.127904776632472	-0.11287772787259	0.0316105249169989	-0.0265721852212035	-0.108575447032455	0.195393712232421	0.213906124297959	-0.0866267903376762	0.122411300098021	0.0520057820898216	0.0613412786976511	0.0719370954534712	0.119467363435848	-0.175167497707933	-0.081833925527893	0.0493503890606993	0.158521312449414	0.0360927210058845	-0.0145101723411406	-0.116525438661589	0.0894646114907907	0.040095389816173	0.157665073511145	0.120849309690296	0.0174663931051885	-0.120581032343195	0.0926767999759984
6	KO	00m.2	0	21.9	21.8	21.8	0.99543375	0.46	132953.0	0.304904051228045	-0.0640328651995467	0.0306592908825483	0.0563832003948672	0.194312900167325	0.0217169861925308	0.0374073106570474	0.0833344629885527	0.047578294843145	-0.183243477118521	0.057932653430603	0.145445124392668	-0.0365951837207714	-0.0274512071667924	-0.0214749677216174	0.0397749374850943	-0.0399720339049673	-0.0749159003245792	-0.0627379981509046	-0.0646073981801283	0.0582345822661048	0.0729164233681595	-0.0419984332001525	0.133349781098799	-0.0719159791563485	0.0544400511824061	0.122937127996178	0.223670505488371	0.0369384785399172	-0.0755952238685143
7	KO	00m.3	0	18.8	18.8	19.5	1.0372341	0.0	141535.0	0.28760755056221077	-0.0599554662655247	0.0129111029721185	0.0916885857059193	0.222914854367783	0.0306091784841649	0.068002283165657	0.128851255721647	0.0171968824646043	0.0925442140015214	-0.0911194678105391	0.143451930353437	-0.191483360083791	0.0641368955956631	-0.00334130333632105	0.00384996818733421	-0.0250972013479589	-0.102361707448942	0.11298452864455	0.0426143351868051	0.0245244633727452	0.0794113007715407	0.0371608283484137	0.0263897927514604	-0.0325804046107836	0.0676911873635882	-0.0759728825803784	-0.281410017502382	-0.0174521022277211	-0.0136952581009725
8	KO	00m.3	0	18.4	18.4	19.0	1.0326087	0.0	130614.0	0.6331268068602768	-0.147156957186693	-0.0732425975272504	-0.018585511849931	0.0171718110285909	0.0269892866152941	0.107198315805163	-0.0148854252369813	-0.0421559149600678	-0.101793744080426	-0.0231367711745139	-0.00143012367536165	0.168216978784882	0.061813258819127	-0.0627926151803583	0.0397073574674709	0.0068825488632335	-0.0695420436170824	-0.0291352802360047	0.0917362509599174	-0.112529143545422	0.244870085233875	-0.252402223558249	0.0221185628260571	0.10788111779083	-0.130686068025121	-0.00728815806797937	0.0955589904503866	-0.0132641817587139	4.32045371950225e-05
9	KO	00m.3	0	19.4	19.0	19.4	1.0	2.06	119074.0	0.3751911943357775	-0.130759627711165	-0.0219990307761686	-0.0915875555277473	0.0506048119200994	0.146302663329762	-0.0311171757506981	-0.0147702048402072	0.0467221221965131	-0.102656731833753	0.293629685324007	-0.0419544253736626	0.0247895732772692	0.0418623201845042	0.027264518186309	-0.130262164059426	-0.168387883968526	-0.040477339677318	0.109373007194882	0.014350344706506	-0.0122792424828793	-0.111886767647075	-0.0330888389840751	0.129761760383633	0.13925560223617	-0.0694391076328578	-0.237695808851019	-0.0246197975235339	-0.197996756829395	-0.160893715139851
10	KO	04m.1	4	25.2	23.8	23.8	0.94444436	5.56	138936.0	0.49288609634621344	0.0210304257173801	0.192090081564686	-0.00435926123602225	0.12549969056532	-0.0192108517097515	0.0285177965728584	-0.0334304710529096	0.179850067036059	0.142483817607962	-0.100044068798464	-0.0461598382915881	0.178588641130764	-0.142399752125003	-0.19235897776266	-0.172285821049908	0.136325930561405	0.324357422910737	-0.0109104771890314	-0.12089905143466	-0.0355073066658185	-0.0697837767451025	-0.0670461544410475	-0.00793293998289535	0.0586521171884021	0.0301366408707135	0.054367192400725	-0.107358612887795	-0.0466797117252173	0.11351593738887
11	KO	04m.1	4	25.0	24.7	25.3	1.012	1.2	134795.0	0.6532205315172441	-0.129212035457761	0.0142952734536384	-0.128848795992555	-0.142060865830808	-0.0162463476350334	0.02909872900016	0.161904921653116	-0.0494855397426068	-0.0482034030995657	-0.128174552019782	0.0161355599581328	0.167507593422513	0.0842418287910251	-0.0335478800972027	0.0743253173186578	0.174655840749501	0.17846089289121	-0.119112515163674	0.190667936518392	-0.0672328755405612	-0.0107315149944669	-0.0285446274145411	0.153874930257597	-0.0390479944333119	-0.0330153744242785	-0.251305698192749	-0.0754752863558509	0.074309481692304	-0.00628152227801851
12	KO	04m.2	4	26.4	23.7	23.9	0.905303	10.23	133513.0	0.5469509745378086	-0.115533874573103	0.0537004725335817	-0.21312922869645	0.00697761351422819	-0.0211837827173256	-0.122280581123945	0.021175841531502	-0.168804625842979	-0.0139378530153341	-0.032166891589173	0.00491753775644009	-0.00602138670410818	0.087396186840564	-0.0744957722089023	-0.12440787889842	-0.13631450862224	-0.104009467351808	0.146288290048977	-0.0469210299754479	0.155029831857121	0.0936017270130935	-0.0514383759082895	0.0998133797725313	-0.0298107224950397	-0.0163539261462157	0.0821376066116307	0.100075686440231	0.0708932321314546	-0.0128119422512038
13	KO	04m.2	4	25.2	22.1	22.1	0.8769841	12.3	142723.0	0.6066882210135401	-0.0810111438599373	0.0899932113726605	-0.120473057429812	0.0605900485478757	-0.265708468289124	-0.0133381116105349	-0.00350907930191281	-0.0619038361691766	-0.117004314281548	-0.136511044384046	-0.131980379093157	-0.111556733623445	-0.111171437746308	-0.0409612872929439	0.283097739214887	0.0103488205331533	0.0539547602237699	0.0368710939046141	0.288646953853154	-0.123740434828696	-0.0767185139321085	-0.0360867194319809	-0.0215549616820773	0.143756915524965	-0.07825723182611	0.00233101880873759	0.0985752514291326	0.056559173192509	0.0355932329062864
14	KO	04m.3	4	20.1	18.1	18.9	0.9402985	9.95	146182.0	0.565189433486615	-0.0603123536916047	0.077854903599905	-0.121951357357047	-0.0167262149217253	0.147688215849202	-0.0720367228485353	0.201872981413368	-0.0121810847926997	0.088549599067368	-0.0992089317281542	0.0803314304470716	0.0261025863330539	-0.0974329808999182	0.0609961185876518	-0.0814659661130961	-0.10522448914152	0.140635117804838	-0.0785964916937844	-0.116714235579118	-0.0451949956630836	0.101532908569244	0.0918889052408121	-0.119971354983148	-0.228739351055975	0.0574381653052865	-0.236778295541264	0.182568092732096	0.0284710534531503	-0.223179495679545
15	KO	04m.3	4	18.9	18.1	18.1	0.957672	4.23	149748.0	0.5495322980014401	-0.0978888459308546	0.0247008328507746	-0.17696742899285	-0.0935199905479557	0.106238825029856	-0.156701744459828	-0.105432535967436	-0.0174620508045821	0.209738262102496	0.130216864196559	-0.0849415302894218	-0.0108537975697072	-0.158726908557293	-0.0206353540885417	-0.0209725756307705	0.174816990580018	0.0430351365387134	0.126570018345117	-0.0477477598372893	-0.0491761428141456	0.010009690673176	0.0477290847775727	-0.0167865275120683	-0.0471604627131888	-0.0768495046866982	-0.0390390733074662	0.00369728075146	-0.158692920790889	0.0812247630771182
16	KO	04m.4	4	19.4	15.1	15.3	0.7886598	22.16	129431.0	0.7836355202498586	-0.18679555850184	-0.130468860292759	0.0464301885702004	0.0570536048643158	-0.0843170888114796	0.0164852568505872	-0.17633178770707	-0.145347474889534	0.0365235778337078	-0.0608966780398279	0.185595289791809	0.0409154092105785	0.195971716427578	0.131473129711228	-0.103836935784884	0.0837896641172819	-0.0551479044018478	0.145401656292015	-0.10453000151968	-0.0361922666803123	-0.144798971535248	0.377149605697031	-0.0669621669809681	-0.0326717548888961	0.0189842390709415	-0.0170202510032406	0.0256160371430188	0.0937222066353208	-0.0455043685196397
17	KO	04m.4	4	20.2	18.2	18.4	0.91089106	9.9	158135.0	0.726890565740019	-0.122743874494657	-0.053575140507119	-0.0789473817580878	0.00245987981316079	0.0490847892332864	0.0777928694142444	-0.0270687395986976	-0.146668234474652	-0.00422722802460193	-0.00858137093426921	-0.211601640756205	-0.0674373462557556	-0.0756884107045547	0.0226006936836343	0.117783387338606	-0.122385057956041	0.168838340541274	0.0259761511488187	0.135141825130194	0.124737424846382	0.0709407961058232	-0.0763723885339962	-0.166324333602708	0.0478717270954965	0.0816240203707006	-0.209777052904519	-0.0845766080096628	0.359316709482168	0.00657083962675822
18	KO	12m.1	12	25.0	22.5	22.5	0.9	10.0	157066.0	0.9545370190253459	0.0258074938238207	-0.209356668968226	-0.164184184630617	-0.051431858633685	-0.0771569382381612	0.0488888563433485	-0.110959506074382	-0.162972281670008	-0.0611230981942834	-0.0374551885964029	-0.126545431577538	-0.0928585972088785	0.181113229439373	0.0663393370095366	-0.0442880087824578	-0.0428676079432088	0.162213047193955	0.028524899548774	-0.0164785590300911	0.0984143416872359	0.0453278970713681	0.0974727149846241	0.132030416870062	0.00548397869391236	0.203905415608552	0.0242363316446072	0.205774278854468	0.141364548054094	0.146654277914735
19	KO	12m.1	12	26.6	21.6	22.1	0.83082706	18.8	165862.0	0.735607431406284	0.164966515977412	-0.0148543903114699	-0.345828396169529	0.0836151923319364	-0.162682613998462	0.0112017003600356	-0.179376642998935	-0.00111781322582719	0.166214106584518	0.210303135220339	-0.0169212644069188	0.111460154943738	-0.0880182479922822	0.0506933766896943	-0.104276425449737	-0.00834678087427536	-0.140555767947468	-0.0454374784829538	-0.0352914376166955	0.0722984578624677	-0.0140569774639476	-0.060858998165333	-0.0999818148704384	-0.0204284981531705	-0.00486070566688787	-0.0631580889169375	-0.0997050206447789	-0.0401247693304466	0.00709344054907443
20	KO	12m.2	12	19.1	16.8	16.8	0.8795811	12.04	181427.0	0.7566523769594083	0.213117948195299	0.0088136501865807	-0.175352321054817	0.0175021825380496	0.160453728523188	0.043496352956781	0.0879211920048768	-0.000556948535336887	-0.0419241856851907	-0.0878168078675484	-0.0804969907065902	-0.0903740789904365	-0.0964693853406848	0.0909933062709773	-0.260981207305592	0.114865542179015	-0.0945589815256234	0.201942745845573	0.164276462385052	0.0241319212848075	-0.12068380560492	0.00079894782939395	0.0911861743434891	-0.0312393309867619	-0.18185211479725	-0.0383626604411872	-0.0517336208991348	0.0293173427351884	0.145081633330336
21	KO	12m.2	12	19.2	15.7	16.1	0.8385416	18.23	172806.0	0.6254551834420932	0.154486226995099	-0.0393404153436419	0.11277297478493	0.172631013625673	-0.0281974152770389	-0.0694277223479237	0.00828250631885567	-0.0601870412060783	0.0530199919472526	-0.11553437345527	-0.148842782632836	0.0640714013766128	-0.100062675632182	0.108341254913974	0.0347108753806521	0.123143715372665	-0.0321418647683503	0.126267039932528	0.036019756701123	0.0524662247358341	0.125018212855774	0.248128999882261	0.187579714335633	0.0820483694140815	-0.100100618361762	0.02293923742299	-0.242817854929463	-0.0826757349434213	0.0252453238134607
22	KO	12m.3	12	23.7	20.3	20.3	0.85654	14.35	147795.0	0.42605578688516704	0.20498810761344	0.00406448374741778	0.166067058049345	0.202390521203488	0.00452358419126914	0.194963035362282	-0.210766672463931	0.0479903155683348	0.0814397442371439	0.0330667938532518	-0.0706341259099992	0.264481650291032	0.0185084776016014	-0.158982274824525	-0.0228563946195249	-0.0175517891328347	-0.0676753164585926	-0.171041692671958	0.00813762472874026	0.0418414844791158	0.00901129101996181	-0.0546496130000938	0.0811150999602228	-0.0678188151398511	0.10435916881202	-0.00376216876633591	0.0729079682498106	-0.00927436750583667	-0.074381199839807
23	KO	12m.3	12	23.3	21.0	21.1	0.90557945	9.87	122272.0	1.0426560802079567	0.0275272254268449	-0.195398377829841	-0.05387189634284	-0.0612666696821504	-0.10164614320455	0.094126597922908	-0.0115709059768669	0.0711464410276188	-0.120205264364489	-0.140802674166482	-0.0049566828108333	-0.00771076572594288	0.00846109505704911	-0.154661318275859	0.01874733143621	0.0709340349536792	-0.0630556157670651	-0.201843836585901	0.0224885323257554	0.0559804944483629	-0.00321428387267761	0.130511541487109	-0.273857360117091	0.136857431004888	-0.295880094623678	-0.0224441049269386	-0.00265577546355686	0.101178745954353	0.0543605539319307
24	KO	12m.4	12	18.8	14.6	15.3	0.81382984	22.34	143776.0	0.5414444428977057	0.178726550805587	-0.0459694961222928	0.0927725101056532	0.0511497103751038	0.187991394929162	-0.00128723872592529	-0.0873853086292898	0.0118945433288725	-0.14173999816176	-0.020217028207078	0.0291888760519836	-0.0405673440983506	0.108082552553141	-0.319025973864477	-0.0338344551700785	-0.161066180060668	0.00314945897195588	-0.0133709230674541	-0.000253531279998288	0.149914974750621	0.0361239017664383	-0.0198613671937614	-0.13353636036404	0.0611846008441625	-0.0330181884056948	0.0614339414454029	0.0172497724743183	0.0239283417473091	0.0373765747524396
25	KO	12m.4	12	19.0	14.2	14.2	0.7473684	25.26	146547.0	0.6632067967768157	0.10397152924879	-0.107247138225607	0.0171322458498486	0.204865772896203	-0.0341201393624834	-0.149458431934865	0.123052159810435	-0.0350611720938674	0.0536697663610438	-0.0331717007711762	0.16635524145697	-0.0497318894119693	0.00861489883799492	0.0767935026851385	0.0825548315013917	0.138390341206633	0.0831824804850039	-0.130638825563716	-0.0834638198366999	0.144189153810804	-0.102464007560508	0.0304483654350847	-0.0996638869678019	0.0166007858574663	-0.00773413115433145	0.0192817644841454	0.181752988767603	-0.0975188872929824	-0.201594965559144
26	KO	18m.1	18	23.0	17.8	18.0	0.7826087	22.61	142881.0	0.5954251425298208	-0.0188419339448097	0.166057690868195	-0.0172002609266474	0.0672896200066377	-0.194500801235179	0.310538258205538	0.118712307264778	-0.152046777429976	0.0542487099766537	0.0647308122136319	0.074663706611498	-0.0753610360049567	-0.0482488082848136	-0.0475203725679861	-0.194356317620557	-0.350816634136113	0.0624186235757955	-0.151627079302896	-0.104288758305464	-0.0706036069619597	-0.1523319031456	-0.0523408635291157	-0.0497971850579529	-0.126569662157151	-0.010255566855096	-0.127463105455066	-0.091199689533559	-0.0316927278759578	-0.00648637554433659
27	KO	18m.1	18	23.4	16.1	17.1	0.7307693	31.2	131717.0	0.7968586189980702	-0.129082845598075	-0.0572272777756644	-0.0336517293168695	-0.00595667647117628	0.0535274186384645	0.0748073725790055	0.0454859473436847	-0.160455095493238	-0.0860049309398335	-0.0345211764265222	0.00425830063095857	0.148230772553865	-0.185133241902109	0.103319156206383	-0.0277280820850627	-0.0680558836170557	-0.152622466535848	-0.0154224120790438	0.0603313675412021	-0.0568383004526222	-0.0271135220818902	-0.0434596244513155	0.0907442013860769	-0.0830438752500361	0.137655735369952	0.162967431324807	-0.117961369703579	-0.0732933277842956	-0.123328756931669
28	KO	18m.2	18	23.9	17.5	18.8	0.78661084	26.78	134836.0	0.7234169341986325	-0.101403591979843	-0.0483381324297952	0.0134166042556398	-0.0152729729990626	0.117617611926147	0.168011167676838	0.153700870041424	-0.0809274158669408	0.0906272525130487	-0.0977221923035294	-0.0544188535545639	0.0657737054679299	-0.0958823610366303	0.0274144956295783	-0.114802834437953	0.100435934548799	-0.0289812132257995	0.187298121525414	-0.0249612958943429	0.0360636501142962	0.0653867150650369	-0.157907689908059	0.0427417874622481	-0.107062644445515	0.00645734713299477	0.0689414380838122	0.0698109389695568	0.142461140556101	0.0473901870487348
29	KO	18m.3	18	18.0	14.0	14.3	0.79444444	22.22	123613.0	0.8781960527502741	0.0441801553691807	-0.154747876162973	-0.0175090615961678	-0.0475140661032749	0.0199198157183311	0.196152487453169	0.121385515771436	-0.0606532111994135	0.0492181394532338	-0.13887920847353	0.00935813466753191	0.125838381341184	0.010614798955245	-0.0361982701774832	-0.0192643838193289	0.0309289528553836	-0.0100497035132369	0.0973612017301957	-0.018566443790954	0.156636628201767	0.040960450202733	-0.150372347883549	-0.0221283574605626	-0.131960317640271	-0.0177208214894051	0.279270057123329	-0.0595244824906744	-0.181530144556336	0.0268900642873966
30	KO	18m.3	18	19.2	18.4	19.1	0.9947916	4.17	139002.0	0.8960835127073193	0.0162014115187717	-0.226296718124964	-0.0420588017300633	0.0360456248660669	-0.120550826891474	-0.0324053307211303	-0.14085374959887	-0.0855351618097241	0.0882156282934062	-0.102880885906725	-0.0153387150900656	-0.021023980757765	0.126510230646688	-0.159090512851235	0.0436796123499737	-0.00203335765021757	-0.0361369377076037	0.048216584552762	0.207130907856395	-0.0723198774288623	0.0702112402959985	-0.0731206968339192	0.178387740382922	0.0542084177745288	-0.0625670310960425	-0.16823497481869	-0.206683011179745	-0.102778074766065	-0.199187139270527
31	WT	00m.1	0	24.0	20.2	20.2	0.8416667	15.83	116006.0	0.4216576867307227	-0.101780671101072	-0.0509962504836625	0.0815273518308117	0.116830862600328	0.0481455294860162	-0.163832387237728	-0.130698312333744	0.0291224288019028	0.184204508437025	0.175495671439261	-0.0162193955260983	-0.0646880779814973	-0.0804338338709585	0.00805581948081901	0.134444719685036	0.0660780251701215	0.102718979976817	0.0430171732603231	0.0721468056085695	-0.0498235599223131	0.0377434924469403	-0.0262038406712517	-0.165764405299867	0.0413890749690827	-0.0332970129053818	0.161082487479843	-0.116471616285543	-0.121408101336228	-0.0254811366513693
32	WT	00m.1	0	24.6	17.8	18.8	0.7642276	27.64	116451.0	0.5111612632950251	-0.0663872195798466	-0.0125705912579421	0.160025014497005	0.0554521953208603	0.0010887870409857	0.00431270009643739	0.156550658924704	-0.0209200345569326	0.189596605530207	0.103028658548432	-0.058434450303455	-0.0423820341485393	0.0312498933032765	-0.147152934926862	0.00167525036840775	-0.0803109164138412	0.0750253608859679	0.169345156876644	-0.00304037190445323	-0.0968230493071376	0.0350895584306004	0.134051138273873	0.163617404802964	0.244091639134494	-0.0779912883348819	0.000897691488529183	0.22631900641034	0.0847236394327674	-0.111490291875982
33	WT	00m.1	0	23.1	21.5	21.6	0.9350649	6.93	141414.0	0.4293843056133937	-0.0794968850411386	-0.023162643922895	0.064116158515475	0.0328210612669119	0.124978390204763	0.0178598997593645	-0.0524779137954389	0.0852629905499578	0.000253577922645766	0.112980559389052	0.0282466194677606	0.0700371438658191	-0.0337425823015551	-0.0598484130095912	0.128509154303921	0.0928794987993276	0.119160175007119	-0.0497947035765515	-0.0342016713946701	-0.0141672375455749	0.0477438488243643	0.0376410045290699	-0.0466228589696255	-0.321951612690257	0.0380645122054585	0.0872400730097223	-0.198397696532986	0.2893212796671	-0.137621386773703
34	WT	00m.2	0	23.8	20.8	20.8	0.8739496	12.61	123512.0	0.49686373230024383	-0.0594769779833478	0.012030361566596	0.0263549096218956	-0.00664193255388767	0.241287478945698	0.0586772469734199	0.013882901111876	0.0750888364703922	-0.00297597828445143	0.00911440626537683	0.00285100005960844	0.0661823838518406	0.121787044558045	0.176691691212699	-0.171077280592184	0.00160398296934621	0.214555873969319	-0.107717056785068	-0.111836761567913	0.0646444616528456	0.203052764153901	-0.0404300695901655	0.0307930928598402	0.24051547917837	-0.102970514196444	-0.0887442982153638	-0.116533354192638	0.00717954964162344	0.202375922287546
35	WT	00m.2	0	23.1	20.0	20.5	0.88744587	13.42	111254.0	0.5157381915057223	-0.0376384314029435	0.00150290303114485	0.276528346483563	0.0104396793685868	0.157491566718	-0.0598633638863657	-0.0730822691501942	-0.0266674379974136	0.149802572089677	-0.147887725093622	0.0810148239870198	-0.0128371221669387	0.089312628424275	0.151380275510533	-0.0777119611008157	-0.140563324935919	0.102597099502758	-0.0458531807415402	0.153903869346425	-0.0268032851686313	-0.0787325708650072	-0.229575596207531	0.0418808361469294	-0.000525782470172036	0.0324802910979796	0.0433221486447249	0.0295213504775805	-0.0330401859452807	-0.101811316289596
36	WT	00m.2	0	24.2	23.1	23.1	0.95454544	4.55	135184.0	0.8213511185402638	-0.154939968254605	-0.0573279711332438	-0.0260183885991513	-0.105592848650676	-0.166666865907294	-0.0164952971661587	-0.181449510760904	0.246598762979079	-0.0227619387169356	-0.113302100951817	0.008972170015062	-0.249891309713613	0.0346595073851854	-0.027336107550654	-0.232817342742033	-0.0220834435448529	0.178262808220896	0.0898932762040755	-0.0397381405196621	0.155268891064545	-0.0110781012750527	-0.0101844446245102	0.054862785252669	-0.0799018977144281	0.0906621745588142	0.0579391934048868	0.00845686598043083	0.0685600521953233	-0.0228901432944271
37	WT	00m.3	0	18.4	14.9	14.9	0.8097826	19.02	133621.0	0.30954072709347025	0.00257801835500696	0.0937209647800697	0.0856926437575503	0.197159171026352	0.235218360063498	0.137495987441939	-0.116677707062838	0.0790509563145535	-0.149525644237408	-0.143277828584309	-0.113865507782509	0.0439508754531399	0.0492061792199682	0.0567146810815726	0.0108129976864117	0.0610947977516823	0.0150029063652555	0.179590260106313	0.0103466468507269	-0.0730827355764705	-0.136894168039027	0.0612018559786747	-0.179794152856416	0.0104355740439834	-0.0286152062133828	0.0498150416223093	0.123092720284676	0.00568231811001703	0.0205917848369194
38	WT	00m.3	0	19.1	15.7	15.7	0.8219895	17.8	139902.0	0.4555121140716265	-0.108645456872225	-0.0407930542030783	0.139155215941457	0.103782569813606	-0.00291451022122122	-0.176945297685378	0.131393984517737	0.0222175802507816	0.00672587149344305	0.148510706203693	0.0637276652557583	0.140065881853354	0.0225776538791429	0.126755220757446	0.110360574210777	0.105030478595821	0.0420276113458869	-0.112212324408794	0.0769806606281999	0.0356192249086794	-0.209862659373117	0.0165210673363564	0.0351063416263048	-0.00368184538744644	0.0517992004273697	-0.135674933424296	-0.0541114752543258	0.0757038756693332	0.0731004830585927
39	WT	00m.3	0	19.8	19.2	19.2	0.96969706	3.03	144660.0	0.3909115409685662	-0.0704800903235576	0.00880061045725833	0.0651564154160425	0.215269864998338	0.136978365875679	-0.216619021261588	-0.229182121131105	-0.0813980561342842	-0.120806319629961	-0.0959166613350365	-0.0277744976483409	0.133542939051326	-0.0189292986188364	-0.197346296117507	-0.114324737874547	-0.155126364090851	-0.0106781432102923	-0.0349759529144016	-0.00631649905099124	-0.166812919147148	0.0348972946346929	0.0373536676726291	0.0666091366523246	0.019250636841659	0.0370357547431165	-0.0489289034600642	-0.0252244107785974	-0.00459935895248453	0.070214730791648
40	WT	04m.1	4	24.5	21.2	21.2	0.86530614	13.47	154326.0	0.49397888888113206	-0.0599811918885892	0.141523283187561	-0.0493398023860951	0.120186354532434	-0.32153519611348	0.0564168032586336	0.191968229832893	0.207097652577188	0.0096113542134837	-0.0339082129377845	-0.176560999364186	0.226916498151629	0.179198167203616	-0.00251542855070155	-0.0056321630731552	0.0145179980214749	-0.122774537215502	-0.0804999575905079	-0.0582810307272809	0.0435470368237956	0.151942439652677	-0.0305877185741706	-0.0314767187025261	-0.0539897612840363	-0.0505311538465452	-0.00570552531546389	-0.102586014185754	0.040813840343109	-0.0113637071091504
41	WT	04m.1	4	20.7	17.5	17.5	0.8454106	15.46	161651.0	0.41200125268200866	-0.0216699916133196	0.160179730283394	-0.0631453585763904	0.0475772766273036	-0.0497655550020772	0.252819381166407	0.055277544943913	0.0957631173709122	0.251178422496644	0.230550205789022	0.0829836561566903	0.124220602958948	-0.000613114615442644	-0.0451016582146552	0.0131288277795582	0.178137970654324	0.0450495822836964	0.0731139956845237	-0.0369690136249324	-0.104993066577738	0.0207444800876048	-0.0118489273840336	-0.0056062251920944	0.251982528688625	0.0830657254020592	0.0707259088939767	0.158198090523637	0.157281905051886	-0.0554368301897224
42	WT	04m.2	4	22.1	20.0	20.1	0.90950227	9.5	137224.0	0.25659946456932753	-0.0932708895843771	0.068936975810316	-0.0643514992113405	0.0337733057996465	-0.028628629524918	-0.160031423116909	-0.0182558155229149	0.181552132346637	-0.0852249257041166	0.134372514504829	0.227661763742743	-0.0705532393506265	0.0206126947068532	-0.211105629131284	0.14212172389725	-0.0276711823314983	-0.050592840619282	-0.0397451591518776	0.128157700483197	-0.0408417706839288	-0.116602972423273	-0.0330912266158141	-0.124960671108807	0.0428316153937895	0.156264735670581	0.0405734617771405	-0.0766119420403664	-0.0282478782290719	0.0131318011429601
43	WT	04m.2	4	24.1	18.2	18.9	0.7842323	24.48	104159.0	0.5696880917923878	-0.0409689935790708	0.113296495456505	-0.0553406658360331	0.0679692786485162	-0.117333330870818	-0.0421807649233413	0.152845971789163	0.0204334895503164	-0.0978364260994412	-0.12078549449912	0.090405254212537	-0.0667630390978159	-0.10025575903946	0.0940580538887068	0.0105090414903859	0.0535998991344486	0.0512723821993931	0.0470170484894733	0.00835853218119929	0.0376036946869093	-0.092597581804361	0.0891959832520182	0.228240114003005	-0.108836244845037	-0.0615108790735927	0.0768549250666096	0.026804545451581	-0.235386289559996	-0.0116008593207307
44	WT	04m.3	4	18.2	14.6	14.8	0.81318676	19.78	135913.0	0.453121713492341	-0.0576409089581756	0.135631552791775	-0.123134254626166	0.119216553868013	-0.175563816531799	-0.0903167362532072	-0.393471192341812	0.014631727721127	-0.0437093637419782	0.0831718017479443	0.058836948288854	0.0233759053862679	0.114985245130436	0.156173636179496	-0.0254505341075393	0.026655921095938	0.0917106667022142	0.0325196975286941	-0.139838258673931	0.0933467548664759	0.0804500558895363	0.113478046485427	0.105991160509396	-0.0954435806265589	-0.0420598161799727	-0.0541115291535622	0.0377067958972975	0.0708196829062306	-0.0583533787644449
45	WT	04m.3	4	17.6	13.9	13.9	0.7897727	21.02	135514.0	0.5667560930197743	-0.072828589569655	0.0910747920180844	-0.166397178319372	0.0229325225737074	0.0738152768178623	-0.111984293468299	0.078559256897471	-0.105488630681335	-0.0908319961295941	0.0599386053974178	0.101983872890482	0.0186613688069213	-0.148416830379444	0.0716312284160169	-0.028998479452862	0.0218054268216455	-0.169173708831829	-0.124808410994067	-0.00345118037509775	-0.0214511550296874	-0.0334560869595176	0.0551217868275298	-0.0539530657319512	0.234466524834858	0.0142098346290641	0.195605707261261	-0.0906319534738154	0.177286046615541	0.181676914730141
46	WT	04m.4	4	19.2	17.7	17.7	0.921875	7.81	129067.0	0.5525755801141816	-0.122423798926302	-0.0443410241285569	-0.0312539858528838	0.0523916281192504	-0.0163114537855765	0.0748196061229534	0.00380626816932789	-0.148251190913226	-0.110834360181873	0.0496491105429786	-0.100435856272826	-0.030227989192112	0.113079011422099	-0.213812088422062	0.148453041599988	0.023200377670902	0.12240647905861	-0.0564595036635676	-0.045321142378805	-0.115565111652042	0.125905596774193	0.148933020769972	-0.135155985400771	-0.185992725506665	-0.0889649647325819	0.106527753419955	0.111586379298588	-0.288083008596619	0.158246996246693
47	WT	04m.4	4	17.8	16.5	16.5	0.9269663	7.3	126832.0	0.45687434820239925	-0.108096942891551	-0.0010747369847091	-0.163745530542661	0.0299583485771321	0.0457814434553321	0.0353275367804358	0.0151419650826587	-0.00141963230550366	0.0299883787321128	0.0076110927889842	-0.144406294183643	-0.305132518698025	0.0552336820256141	-0.146308500623593	-0.214589422571515	0.249285313872508	-0.204457606018486	-0.0576662299316013	-0.0892433404390927	-0.158987219369588	-0.0967426766138799	-0.0676212985929723	-0.190598857163099	-0.0495601899222511	0.0261625333596045	-0.0302491635617745	-0.0708522638989927	-0.0853958754576721	-0.103843565789581
48	WT	12m.1	12	25.2	19.5	20.0	0.79365075	22.62	120919.0	0.7361580131545719	0.12326796909685	-0.0408406046453626	-0.167083980051965	-0.0805921718706764	0.0949363074284374	-0.159382200298116	0.0562920170664503	0.0236853798715754	0.00103664209821639	0.0251214499542384	0.147390972652703	0.109943708474219	0.0756729431031198	0.061214648376203	0.0873277641920806	0.00268238774332401	0.117221438957655	-0.088404380961749	0.0606228154718185	-0.0582156764426747	0.356297889612922	0.0864879223680568	-0.0258890529682037	-0.128849315401778	-0.139623298679947	0.0634224174666899	-0.0609535090471777	0.0367901939817262	0.0149316323405647
49	WT	12m.1	12	27.0	24.4	24.6	0.9111111	9.63	130007.0	0.7750311358436712	0.079432748148105	-0.0978830445234895	-0.0471750574824852	-0.0314174958558138	0.0540488372098775	0.110452837875913	0.172942783771679	-0.0458403521467799	0.0451951381269378	0.124655462439612	-0.0316833311667024	0.0468532086651094	-0.00812999937616834	-0.0685239276199927	0.0944015493786719	-0.21128538370116	0.151074414156969	0.137241202672755	0.0125537460846025	0.167192945734818	-0.175246709647437	0.227868637696918	-0.0294735027035388	0.229309380680976	-0.0531218468385842	-0.0329081984075273	-0.0467674797571964	-0.124139062513499	-0.104740492934696
50	WT	12m.2	12	19.2	17.5	17.5	0.9114583	8.85	121250.0	1.1193511761914336	0.0453053900455292	-0.195947786833317	-0.0102681603379791	-0.0526784650995282	-0.0186873791507054	0.0693290737029041	0.0386855076369161	0.321663984602007	-0.154677208069301	-0.0200896240564768	0.188995160537831	-0.0323607295345804	-0.0756004271450939	0.0219639179694506	0.0479794240907052	-0.0782959675961938	0.0476884573985554	0.0637789055550465	0.00394157552581178	0.0332636827741481	-0.0244848422577847	-0.100185345456324	0.0692982473144265	-0.129119165793959	0.0940768685682464	-0.251053458326524	-0.0252699291974623	-0.0680444408202303	0.0863268546622719
51	WT	12m.2	12	21.0	15.0	15.5	0.7380952	28.57	129433.0	1.1432883561273126	0.0498483460235345	-0.23133364175098	0.0891277446258437	-0.0258768828248632	-0.128412065635727	-0.132778795818148	0.151730757612259	0.167325357939947	0.031752171263868	-0.0488566346534384	-0.00694937012648483	0.140296982837275	0.141455276936094	0.212731150044674	-0.0573961882887186	0.0732384236390941	-0.105478240619391	0.0270649500013727	-0.0356855131202699	-0.166734123036584	-0.149595712672688	0.0608323125622681	-0.071563753176875	-0.0138916423928608	0.0519503911446631	0.0671328930353434	-0.0351344827883834	0.0874244387717858	0.0136685369213505
52	WT	12m.3	12	24.4	21.0	21.1	0.86475414	13.93	120782.0	0.7634685443122681	0.0923677585523311	-0.108714219001764	0.0320990670695731	0.0512052419522903	-0.0640980958633021	-0.0367310048755137	0.176201950226737	-0.0170501599307284	0.00375280052544413	0.0714270924309024	-0.122687442920762	-0.000386381518332248	-0.0843536157761329	-0.213279096437283	0.098455446091955	0.0852442865526948	-0.125239333082345	0.171012472050514	-0.0272193265653146	0.00705463832802563	0.076145713783432	0.0283249771409022	0.0410035572905571	-0.166750417176772	0.341491992376394	0.00760598780742832	0.0601509008429029	0.121531077681955	0.0346467781079219
53	WT	12m.3	12	26.1	18.9	19.7	0.7547893	27.59	124336.0	0.7123043996235863	0.147731005384672	-0.0865449984392355	0.141746151925393	0.0850599826972649	-0.00933274584427874	-0.20044954137515	0.107908433634662	-0.239023546593641	0.161230977573754	0.0415413988467449	0.0624275896512812	-0.00375647989541177	0.0889519823037711	0.049793417605747	-0.0726217025375337	-0.0367740380326342	-0.0314203068738011	-0.108782745474131	-0.0730910208020775	0.0913255588574853	-0.110516940173976	-0.137692605964843	-0.226367916305067	-0.0275205266767103	-0.0670244701588215	-0.0676668628055124	-0.0333159987602096	0.0792969021568514	0.21796955589379
54	WT	12m.4	12	18.3	16.6	16.6	0.9071039	9.29	122464.0	0.7513446597303721	0.162797832174516	-0.0363552656862964	-0.142660658545683	0.0897143029895935	0.118250206573258	0.0313809652090484	-0.0302771397379512	-0.00554469030462247	-0.18392305056352	-0.0796331618835112	-0.0810276105375368	-0.0937716820847552	-0.0579432457412792	0.26523938042131	0.0985313767396752	-0.00402053569305086	0.117879809326966	-0.239007936263691	0.00838660363543916	-0.132848511481603	-0.00157640552822849	-0.0434166404644133	0.0525533733005754	0.0727957194199015	0.179588451421682	0.0677004032485437	-0.0845412044026649	0.0115810667587915	-0.0843766195655349
55	WT	12m.4	12	19.2	17.4	17.4	0.90624994	9.38	107164.0	0.6817403213217298	0.171577845320773	-0.0177696475782527	-0.198398336167391	-0.0513299618615452	0.22448667285551	-0.23063107158964	0.0312684186449007	0.0298478018425795	-0.0595792358380392	-0.135069096930878	0.00830473083065326	0.153323596800052	0.0166406778303342	-0.196131035909322	-0.0608144232709562	0.0965992984725875	-0.136515559614672	-0.0226935756206264	-0.0268077150890713	-0.00604639021950151	-0.112705865866674	-0.0286044281958786	0.0252163181667771	-0.0190126000261771	0.106731200490766	-0.0888253655581829	0.133156065444111	-0.0297579298600459	-0.138399266888203
56	WT	18m.1	18	24.2	20.6	20.8	0.85950404	14.88	133734.0	1.0289381448576047	-0.119319180196516	-0.101732766804888	0.0970035331538377	0.00797904409959067	-0.118987334108494	-0.0660624400819887	0.00835827323428833	0.0535161338379124	0.161609851914361	-0.168512522573321	-0.110823320262599	-0.0528034525483107	-0.273276871987872	0.0409543904973341	0.048790883836622	-0.188982045424818	-0.187983454616933	-0.0713670902783162	-0.121645793962197	-0.100863871792618	0.18860929496015	0.0741132054901202	-0.173421048107138	-0.0172355609598286	-0.0319758146065814	-0.228580523591704	-0.00191502743717393	-0.107200147878958	-0.0547622927270609
57	WT	18m.1	18	24.2	20.8	20.8	0.85950404	14.05	120228.0	0.7764389608071104	-0.157791364069448	-0.101908704295322	0.0795930078533021	0.0641559545513845	-0.190645685093564	-0.144477982395609	-0.0159462658657086	-0.196454424338818	0.0722221805977783	-0.0441192854346014	-0.0995103066613971	0.00924613740545402	0.128093763253943	0.0676236145614793	-0.0234418524233272	0.0816330729751712	0.0137769983191309	-0.0733700131704621	-0.0777214155910525	0.147175832466858	-0.138576134830257	-0.365396583154012	0.0266052854529608	0.0129607898583356	-0.0727793560206989	0.0775531835793517	0.104955119482028	-0.0290265558782613	0.0961450675411445
58	WT	18m.2	18	26.2	19.6	20.4	0.7786259	25.19	134673.0	0.8024187370831688	-0.115358661188847	-0.0381541535720072	-0.0152577638492526	-0.0463318109956249	-0.0070125853191085	0.110855939797742	0.0457345862183337	-0.0875121228066548	-0.149790225423702	-0.0602715109100303	-0.00720087595112364	0.031553340496136	-0.012792280522159	0.0408114951155438	0.101059792479114	-0.126794011155286	0.0799917638776104	-0.00296568498040385	-0.113505357111845	0.0676722621166328	-0.193173434330527	0.0267433450592065	-0.100660200078161	0.0955578245347489	0.0867642404741028	0.129498619799342	-0.201269955654271	-0.183220088269735	-0.000375611999008142
59	WT	18m.3	18	18.1	18.0	18.4	1.0165745	0.55	126528.0	1.2314903004531528	0.0476204049548029	-0.185399904012733	-0.0567443778772261	-0.0340423938308546	-0.0257469840943795	-0.060156993196421	-0.146456812895118	0.0145462167058381	-0.0839698584428774	0.0741533542565774	0.0805108966446805	0.0631692381300069	-0.276182634719832	0.0638917294930485	0.111925902637692	-0.189337916639405	0.02926570359049	0.214870165334798	-0.205207314976784	-0.121428079747053	0.0318008269463631	-0.183278456285728	-0.0648530791649618	0.0541532830614642	-0.0923323431603137	0.183095712765504	0.0445026227686434	0.0629128152025297	-0.0112610341136857
60	WT	18m.3	18	26.9	20.1	20.3	0.75464684	25.28	163769.0	0.7932562144344976	0.113950246113437	-0.082505548089221	0.0171348624586511	-0.157681996659124	-0.0372749778155347	-0.00173666593492088	0.0167476302435423	0.0276863505926832	0.0605951629624097	0.201095556344338	-0.0182879708638155	-0.135681116226543	0.021904840855533	-0.153492369473643	-0.051381802709235	0.0953599999351005	0.248715455881926	-0.128641403274228	0.0146443764829086	-0.186112508546993	-0.146815324005995	-0.0943479559364772	0.194169889546041	-0.111330570398856	-0.0540828491276193	0.0430164586161349	-0.0722850793547773	-0.0794357461737341	0.168140125866653
61	WT	03m.1	3	27.6	19.5	20.5	0.7427536	29.35	65924.0	0.8794438201518262	-0.0287874133415971	0.116482682051258	0.0874353972070854	-0.212547854343777	-0.0616256454323074	-0.133408215815358	0.112565975134474	-0.0744087653732552	-0.0629345398994697	0.252409072042769	-0.136635649139563	0.0800799409165779	0.0316586451076606	-0.00164717521938879	-0.0444644012332941	-0.127696594244201	0.0594668484650416	0.0701745074014961	0.153586054323373	-0.0108758376086319	-0.0906030045086367	0.08477989714793	-0.0214456255936454	-0.206666695629235	-0.0631701944310143	0.206225626918901	-0.0598653564932237	0.116449731199954	-0.0726102443064436
62	WT	03m.1	3	21.3	16.6	17.2	0.8075118	22.07	78000.0	0.599717279838366	0.105554929034335	0.216861178405854	0.0093851998706137	-0.0656676946737395	0.0641663288751118	0.115536648418998	-0.154454149431435	-0.0214529645431143	0.173698774404902	-0.137026723843608	0.00906702111819636	-0.0617613306479766	0.0142353476350642	0.00352879484019028	0.245430277872923	-0.1236568597906	-0.143254480482989	-0.144118692666607	-0.136561223299825	0.0277273127672519	-0.134236926803191	0.0910206186123484	0.206064034124806	-0.123075891975865	-0.293020332069091	0.0793383495454197	-0.0787479587693841	0.154847232289159	-0.0756917595251956
63	WT	03m.1	3	22.5	16.5	17.2	0.7644445	26.67	70929.0	0.6724766375531602	0.020552887512894	0.230282083546784	-0.0179283849772038	-0.0615440685981783	0.0140789805062732	0.170098528450775	-0.0517796755307261	-0.214310929862952	-0.0935979619646975	0.170729946763012	0.104110569596467	0.126726696912406	0.0479373265769664	0.179744875751385	-0.0193698851427472	0.0611220811907252	-0.073015579688957	-0.00384453616836797	0.176165393838137	0.054094366640147	0.125352894928243	0.0544335695506231	-0.13793945541881	-0.0660878799343981	0.084850343318855	-0.0014373820037334	0.0239711149836666	-0.231897283791058	0.0113548798609816
64	WT	03m.1	3	23.4	17.6	18.0	0.7692308	24.79	81853.0	0.660900425189911	0.0490287783132877	0.185722605402528	0.0614970783721553	-0.0449226212100668	0.0369375291735465	-0.0703455048261484	-0.0172636112507992	-0.0208437258246586	0.0301276293143229	-0.0670511056581389	-0.0285004706404743	-0.222714125425348	-0.0964347306218215	0.0399348827353866	-0.12540120956364	0.0546876403748917	0.0692688443717986	0.0276099882919294	0.249520715086921	-0.00962894491731408	0.0638870976063958	-0.0590770548777692	-0.142768403671161	0.0284167131286568	-0.00644193518614792	0.148296625554202	-0.000296532463601465	0.115319785233663	-0.305633463148509
65	WT	03m.1	3	24.3	19.2	19.4	0.7983539	20.99	74213.0	0.6512339920034613	0.0742361592226129	0.202661857892552	0.0599131014125571	-0.04925667492806	-0.0351792140461625	-0.0272605537861133	-0.0517454732967307	0.034308207901169	0.141229497237583	-0.0510073518228599	-0.0975732025255259	-0.146275574042654	-0.0804578449502976	0.139303734315014	0.0617327454096485	-0.009363637086594	-0.100701042804854	-0.0958315648769839	0.0625463097039721	0.0284321055130445	0.0809401375766189	-0.016767504986865	-0.0618578270703113	0.0463413213816547	0.234277200115638	-0.103809462509601	0.243399950506354	-0.130856672558048	0.263323428370559
66	WT	03m.2	3	18.4	14.4	14.4	0.7826087	21.74	84196.0	0.8649337399800382	-0.0466296264406501	0.0709618809200193	0.074557412128926	-0.358357996164522	0.0507097227265089	0.0866319276237684	-0.121090508843092	-0.0563001327637498	0.106842424417914	-0.130347405109025	0.161068468805806	-0.0293860625649653	-0.0680659881901184	-0.0592035303858568	0.185837820893943	0.106448625610383	-0.0609835034204409	0.105417328595565	-0.221339166113533	-0.0074620304682941	-0.0968030751768408	-0.115807991208375	-0.0341572222156821	0.00167874279992746	-0.0708265803817374	-0.0791266578823661	-0.0917348680608876	0.0704904644088133	-0.0313742303198176
67	WT	03m.2	3	17.2	12.9	13.5	0.7848837	25.0	82587.0	0.6468651937256868	0.0529153852321226	0.269548406538053	0.105696995824561	-0.0304667104574416	-0.0520538069473525	-0.10159447303262	-0.0485681497709764	-0.116344222107944	-0.200467957689374	-0.112554332906466	-0.0995488783299371	0.123440709023663	-0.00403108226407423	-0.0700303366793233	-0.00402756231079797	0.0373703788740858	-0.0555808526225406	0.0863704760616999	-0.0968966721284364	-0.113486712173336	-0.211338504125038	-0.037112469889786	0.0635191905819969	0.0880559407390034	0.124907848802951	-0.154447900241234	-0.0855769449914587	0.104554583533948	0.033799094779837
68	WT	03m.2	3	18.4	16.1	16.1	0.87500006	12.5	75263.0	0.5808583280048935	0.0155492982457449	0.203166332002892	0.0892101141785195	-0.0769290049982806	0.011900898090097	-0.148747532622356	0.0745157012819207	-0.165482170613995	-0.124697165585629	0.0303803969408497	0.15211888962228	-0.176940294532141	0.0755892054260791	-0.101458266479421	0.081116156668408	0.13304786812281	-0.0640218991850864	-0.0554584550109413	-0.185263935917035	0.0891501252882755	0.152366678774001	-0.108881543033976	0.186971360296136	0.0372602703399047	-0.146412303815147	-0.0341854161651536	0.00878092253070141	-0.0686545655290862	-0.0356896693658882
69	WT	03m.2	3	18.6	12.8	12.9	0.6935484	31.18	78840.0	0.9444088192982462	-0.0611508180955683	0.0763316673992311	0.143240112598621	-0.288232706549938	-0.111238903811841	-0.0827204817732895	-0.000479314149829538	0.181296812984897	-0.102674447928568	0.0233707391237518	0.0741323512905324	0.20240161769083	0.0517210093078262	0.0431244247837975	-0.155137610290331	-0.0624540321686844	-0.186567061349239	0.0725407175142441	0.0839526502717858	-0.0455544291009321	0.0701036456349193	-0.0230434533629629	-0.0834799904001455	0.117517148708622	-0.1258949140013	-0.023783817663366	0.07039478315499	0.00412346483714873	-0.0342432514004045
70	WT	03m.2	3	19.6	14.9	15.2	0.7755102	23.98	78337.0	0.7392956608872641	0.249538711509484	0.0792594566187552	-0.00711857435296664	-0.0740715230805754	-0.179468602751975	-0.0378135354924709	-0.034627090812948	0.0339092159280334	0.0413969312887423	-0.0821073827168128	0.0558454583140486	0.0534681029243979	-0.0430250496637113	-0.0809865890103847	-0.0156377671100768	-0.00268590893918119	0.0905257830599596	-0.0398096920097968	0.251308049653233	0.307208184368752	-0.0701299732270339	0.0399069960193696	-0.0542175507850549	0.0492973187828243	-0.0138274451387858	0.0175561028283581	0.11647952404901	-0.0439077053406926	-0.145566248708347
71	KO	03m.3	3	27.2	26.3	26.6	0.97794116	3.31	97341.0	0.7644010405690252	0.265592465369699	0.0696795577120577	-0.0679205602316105	-0.108119426845597	-0.0504103074756125	0.0799386733295109	-0.0429540506018595	-0.0686203501809996	-0.00329764293157983	-0.0963992132927685	0.180303842803052	0.01998757945781	0.133589763693637	0.0271695035403986	0.18959211951503	-0.00849857990554917	0.0247110661527829	0.182709474938854	-0.117373447819449	-0.172299013607428	-0.00305789898397963	0.0295459954421516	-0.0578454525145363	0.0432137408699873	0.190596456691654	-0.0504351732107919	-0.0389331546670375	0.000294936785044871	0.160215501642139
72	KO	03m.3	3	26.8	24.9	25.0	0.9328359	7.09	100182.0	0.9515596879195327	0.241349913604294	0.00759730978479201	0.0668793285355362	-0.0226324911539791	-0.119327302527551	-0.0369601862169314	0.0252132729122161	0.174222317522449	-0.17884858241835	0.0504909032550242	-0.236427932014836	-0.0692507177394609	0.0900012298906628	0.150595638893064	-0.0770368620338374	-0.120279737535724	0.0303349037170471	0.0990330685544725	-0.0964423601249899	-0.237553894989882	-0.0154643779473011	-0.0638706469257763	-0.0530644105651619	-0.115569825265406	-0.187620225487386	0.0777983527232888	0.0721186391176862	-0.00295627210156414	-0.0594342950590235
73	KO	03m.3	3	25.2	24.5	24.6	0.97619045	2.78	82210.0	0.7915260506514162	0.158547016716823	-0.0294092991585124	0.0245562898143889	-0.0359734949976498	-0.07613905614198	-0.0501054882465883	0.118603942391276	0.0249489971933361	-0.0780544408306	0.178731194770846	0.0196456671925032	-0.207900079168557	4.04091250567244e-05	-0.0222703670793244	-0.0770666895119811	-0.07289121023305	-0.0916220064621779	-0.0794734440404798	-0.167740561868008	0.106607808190091	0.199321223107351	-0.0257740001468556	0.119777864903965	0.208644557574048	0.149370512007504	0.0564319452667879	-0.209685955432848	0.13299959560711	-0.0342646374605645
74	KO	03m.3	3	27.2	23.5	23.6	0.86764705	13.6	83561.0	0.729731569220875	0.162411406937346	-0.0650112214694268	0.0789626564489029	0.150857235080995	-0.0714589192570559	0.0795406466740884	0.0436554361094028	-0.0890077239600059	0.0439558102733383	0.0839639171545261	0.187103826354026	-0.135782394029305	-0.0652050920447649	0.0805648039358055	0.0482872664275328	0.00406580213231325	0.0301160359830331	0.103914197991257	0.0645454412750736	-0.329318555263989	0.0860674857605534	-0.0661826136979579	0.0804245235361538	-0.0139591664475389	-0.131528944528787	-0.10698789259311	0.160225344488477	0.0352875399810947	0.0691301432706261
75	KO	03m.3	3	24.8	22.3	22.5	0.9072581	10.08	86744.0	0.8228647836245967	0.115611357987413	-0.115497970413426	0.0393524420331343	-0.199964022500669	0.112553800748266	0.136460085926718	-0.0772957842256466	-0.0979497775641631	-0.0240120718565701	0.168665148598455	-0.0489889867790192	-0.0250289244636347	0.197997187902056	0.0995803283283344	0.0345068531711786	0.116521641305718	-0.051761553901024	-0.0475712106400919	0.0077738023449925	-0.0245278312631458	-0.0481194622617123	-0.0555196972710724	-0.116792034726134	-0.0126325582783069	0.0270547766184062	-0.140238216355517	0.0851553782437332	-0.0448010301657676	-0.200083405472951
76	KO	03m.4	3	17.2	14.2	14.2	0.8255814	17.44	90139.0	0.940027290553436	-0.098585989525604	-0.0498381424203657	0.272148563178949	-0.119628938788674	-0.0443379898773745	0.122174139456318	-0.106392917287165	-0.0287883764860372	-0.1299987227338	0.0909558897023145	0.116686544169801	-0.0813200011175343	-0.058709523158264	-0.0912748275256111	-0.170146805112335	0.0954965729881734	-0.113641815538757	-0.0610381844984309	0.182683019740134	-0.0518556596852915	0.0537933716864431	0.167355723312635	0.0389800612931223	-0.0564557141114379	0.0874014809420072	-0.0200445011088653	-0.0347765034023944	0.00425192789377471	0.194375699680902
77	KO	03m.4	3	20.5	19.3	20.0	0.9756098	5.85	76006.0	1.044656852895093	-0.102740712364097	-0.0391061334723064	0.0736927275894307	-0.0750637071361038	-0.0494297510069464	0.0155682465106042	0.0251102513623911	0.0558069965026239	-0.21533364873848	-0.0152846842383652	0.0444842130985296	0.0608149686575684	-0.334400116017034	0.0148374551402803	-0.0392360636898939	0.119350130622698	0.147760259996326	-0.0986749169136722	-0.178997456484707	0.122553813113067	-0.0343330838938536	0.0546399372793131	-0.000276887709184297	0.0812497166409584	-0.0645217867944656	-0.0446509725550406	0.162528117434203	-0.0278978269273295	-0.00109215552294164
78	KO	03m.4	3	19.9	18.0	18.4	0.92462313	9.55	71367.0	0.6678512073754255	-0.0404035915288478	0.0188354059933236	0.13581421068344	-0.124580426648609	0.0702123535645791	-0.00444061675628272	0.0146840619500375	0.0807455052958084	-0.0192527328043272	0.0752591297932401	-0.343933738678425	-0.0274812126830939	0.0842726186767059	0.0433578464052851	0.23570352292903	0.118582187296482	-0.0518683947509197	0.0903855373153196	-0.211480490066838	0.177002172515802	0.0642725465352887	-0.0116903701617535	0.0521349105335824	0.058584671592326	0.103432717764276	-0.0799108383491475	-0.0257705719340472	-0.139085350722735	-0.0906573523429978
79	KO	03m.4	3	18.8	18.3	18.7	0.99468094	2.66	94924.0	0.757854560352133	0.0267541550089663	0.128953110937191	0.0906904501931976	-0.175694358110889	0.0756670133794141	-0.185625950836765	0.0500720030864826	0.0160599939919236	0.116857618410952	-0.0694867949842567	-0.192168856526425	0.0121743756256688	0.0418876319243596	-0.00628435929109766	-0.0300785453223819	-0.22219940094607	0.0691878914339423	-0.0696050410420664	0.0265972819390514	-0.0395100776738776	0.0840492920357367	0.163360499933412	-0.0337200660219128	-0.0685422489795042	0.0923581837629905	0.030295552624772	0.00326597362524463	-0.0908052548761438	0.156440831567368
80	KO	03m.4	3	17.4	17.1	17.4	1.0	1.72	99828.0	1.1440337866581984	0.0845812487980377	-0.159105284898475	0.151057473340086	-0.149465626358914	-0.0510200338200658	0.0578723211542839	-0.0964806188230208	-0.10834649037069	0.0715823321730436	-0.0259844492165015	0.0641164624151385	0.0288671881289563	-0.268912359888744	-0.0308876015404458	-0.168466697969494	0.102083000307549	-0.0351388861666195	-0.0991724599908032	0.0580827881356291	0.0754391908902143	0.0914694537050256	0.164186251965267	0.0711681898537741	0.0489123200048194	0.0412558624714348	0.026274755934226	0.014746271298096	-0.0139394824894449	-0.0370612767930894
